0001.jpg 240 145 3 1 128 100 123 47 238 145
0002.jpg 259 194 21 78 146 163 84 31 221 111
0003.jpg 1300 866 471 207 613 359
0004.jpg 600 431 30 157 171 246
0006.jpg 1114 741 274 203 949 616
0007.jpg 1300 1300 738 590 1098 1066
0008.jpg 866 1300 586 359 860 553
0009.jpg 866 1300 147 183 327 475
0011.jpg 866 1300 251 414 417 658 269 38 491 202
0012.jpg 315 450 27 169 84 242
0013.jpg 1300 906 202 265 793 697
0014.jpg 112 168 71 56 91 111
0016.jpg 340 450 260 21 270 61
0017.jpg 1300 870 858 356 1125 635
0018.jpg 288 450 134 163 164 244
0019.jpg 480 480 268 171 355 334
0021.jpg 450 299 160 110 190 175
0022.jpg 127 168 38 68 56 105
0023.jpg 1300 866 301 54 1090 448
0024.jpg 662 440 290 74 634 283
0026.jpg 450 424 38 10 156 240
0027.jpg 866 1300 42 382 168 660 708 412 820 684
0028.jpg 1300 866 169 180 992 744
0029.jpg 866 1300 90 270 230 364
0031.jpg 1500 1121 722 302 1201 840
0032.jpg 919 1300 88 404 260 512
0033.jpg 967 1300 160 330 738 1238
0034.jpg 1300 1064 255 341 547 538
0036.jpg 450 380 312 106 372 217
0037.jpg 301 450 180 110 293 234
0038.jpg 168 124 9 25 69 103 95 27 160 101
0039.jpg 135 168 73 24 105 99
0041.jpg 1500 1124 1126 247 1287 458
0042.jpg 660 440 160 99 321 193
0043.jpg 156 235 1 60 84 217
0044.jpg 1300 863 847 389 1088 757
0046.jpg 450 332 181 62 449 331
0047.jpg 866 1300 303 124 803 853
0048.jpg 450 328 158 21 391 189
0049.jpg 1300 866 645 143 1158 830
0051.jpg 1300 866 758 253 1164 610
0052.jpg 450 299 65 171 182 228 264 164 379 239
0053.jpg 113 168 25 56 113 111
0054.jpg 800 1200 569 587 681 709
0056.jpg 2314 1467 1689 914 1972 1011 1720 1011 2024 1121 1803 1114 2172 1252 2024 924 2238 1007 2089 1004 2310 1093
0057.jpg 645 437 172 35 424 325
0058.jpg 1300 866 84 92 649 488
0059.jpg 256 192 26 22 241 171
0061.jpg 1300 866 492 51 900 569
0062.jpg 1300 1060 107 593 756 870 774 589 1160 868 166 187 637 470 696 180 1127 499
0063.jpg 1300 940 700 294 919 623
0064.jpg 971 1300 17 505 382 1029
0066.jpg 288 175 8 2 282 170
0067.jpg 450 300 319 212 356 275
0068.jpg 168 113 100 73 125 100
0069.jpg 168 113 76 62 93 86
0071.jpg 638 479 304 169 596 362
0072.jpg 113 168 40 47 68 115
0073.jpg 1001 1620 145 208 620 1057
0074.jpg 640 360 358 111 385 131
0076.jpg 640 409 148 6 573 238
0077.jpg 1300 1300 57 290 1268 1157
0078.jpg 300 450 36 112 157 276
0079.jpg 113 168 25 63 45 99
0081.jpg 113 168 25 72 50 124
0082.jpg 866 1300 147 438 358 846
0083.jpg 113 168 32 74 73 134
0084.jpg 450 295 205 104 266 166 277 98 348 167
0086.jpg 450 300 327 90 432 176
0087.jpg 1300 1108 839 78 1052 515
0088.jpg 199 132 65 27 102 97
0089.jpg 168 113 32 24 56 80
0091.jpg 168 113 69 13 76 60
0092.jpg 112 168 29 17 35 49
0093.jpg 1300 867 331 254 384 379 600 275 686 463 866 277 923 520
0094.jpg 682 1024 198 259 234 362
0096.jpg 459 344 22 37 420 290
0097.jpg 400 267 150 42 329 124
0098.jpg 113 168 77 47 103 81
0099.jpg 1500 1564 930 393 1403 909
0101.jpg 1000 1620 141 195 341 447
0102.jpg 1280 720 288 126 700 364
0103.jpg 450 300 111 83 199 129
0104.jpg 450 300 94 107 171 173
0106.jpg 1300 866 441 190 580 388
0107.jpg 156 235 43 52 75 130
0108.jpg 1500 1120 819 167 1033 486
0109.jpg 685 1024 9 222 194 518
0111.jpg 450 253 130 38 369 238
0112.jpg 1300 731 370 110 1052 689
0113.jpg 928 1300 508 344 626 698
0114.jpg 156 235 59 50 71 75
0116.jpg 1300 1033 923 526 1207 738
0117.jpg 113 168 24 71 52 96
0118.jpg 1300 866 113 234 459 510
0119.jpg 1300 919 104 395 1150 726
0121.jpg 660 440 447 158 559 221
0122.jpg 1300 1300 51 500 501 735
0123.jpg 1300 1300 483 162 578 407 1071 162 1166 407
0124.jpg 1496 1620 205 281 1040 860
0126.jpg 300 450 1 1 298 271
0127.jpg 450 301 143 68 191 107
0128.jpg 640 360 317 152 361 219
0129.jpg 299 450 141 204 197 339 187 207 266 342
0131.jpg 1500 1120 287 340 612 840
0132.jpg 1300 866 1 269 514 775
0133.jpg 799 1024 171 370 627 670
0134.jpg 1103 1620 37 200 199 363
0136.jpg 450 300 47 30 348 196
0137.jpg 168 133 75 51 100 77
0138.jpg 156 235 52 124 93 193
0139.jpg 1500 1277 182 297 280 453
0141.jpg 450 298 182 130 263 191
0142.jpg 1300 866 897 296 1106 607
0143.jpg 1300 866 638 139 951 303
0144.jpg 891 1300 419 132 544 305
0146.jpg 682 1024 190 766 248 910
0147.jpg 158 235 22 94 102 207
0148.jpg 866 1300 428 745 745 1095
0149.jpg 866 1300 348 677 598 1095
0151.jpg 450 298 174 97 281 176
0152.jpg 300 450 150 82 186 155
0153.jpg 412 450 199 197 240 222
0154.jpg 450 300 28 43 434 258
0156.jpg 300 450 191 327 222 401
0157.jpg 450 300 107 91 179 274
0158.jpg 300 450 34 316 64 368
0159.jpg 300 450 42 188 82 262
0161.jpg 300 450 144 178 221 274
0162.jpg 300 450 58 5 87 52
0163.jpg 864 1300 73 342 271 632
0164.jpg 1500 1120 435 519 513 705
0166.jpg 485 300 106 16 363 275
0167.jpg 620 413 268 63 547 275
0168.jpg 568 345 184 9 380 181
0169.jpg 2400 1485 1494 756 1831 1151 1766 1016 2291 1335 1745 649 2245 947
0171.jpg 640 480 28 24 441 448
0172.jpg 320 240 228 173 316 238
0173.jpg 500 334 102 53 402 282
0174.jpg 640 360 212 99 255 143
0176.jpg 1024 768 335 2 939 704
0177.jpg 620 330 187 89 267 253
0178.jpg 480 270 72 36 362 261
0179.jpg 980 552 176 1 863 462
0181.jpg 780 438 87 169 273 427 1 265 90 434 301 144 484 422 441 208 596 420 643 229 780 403 219 41 353 214 500 44 648 193 387 1 538 140 129 1 275 107 300 1 386 71 662 1 762 88
0182.jpg 460 259 166 122 198 146
0183.jpg 1024 576 46 18 1002 488
0184.jpg 634 718 372 179 486 278
0186.jpg 876 493 149 39 662 470
0187.jpg 1300 861 969 289 1176 504
0188.jpg 876 493 151 3 655 444
0189.jpg 876 493 543 212 572 254
0191.jpg 962 639 170 314 335 413
0192.jpg 962 657 441 272 690 355
0193.jpg 254 300 213 23 254 54
0194.jpg 300 153 1 1 184 141
0196.jpg 670 366 347 152 375 188
0197.jpg 560 292 175 77 382 210
0198.jpg 550 413 22 194 87 269
0199.jpg 768 576 9 81 713 512
0201.jpg 1300 942 185 155 1043 743
0202.jpg 1006 1390 399 186 638 733
0203.jpg 615 405 31 14 582 330
0204.jpg 728 546 3 45 355 526 347 29 720 520
0206.jpg 728 546 77 63 628 442
0207.jpg 728 546 4 15 621 258
0208.jpg 728 546 6 50 711 498
0209.jpg 728 546 344 286 668 501
0211.jpg 728 481 322 182 403 461
0212.jpg 728 481 166 194 333 407
0213.jpg 728 481 286 207 568 416
0214.jpg 728 546 105 101 528 304
0216.jpg 577 323 355 30 547 186
0217.jpg 660 437 141 212 543 392
0218.jpg 660 440 246 130 276 160 63 97 86 127 404 156 434 196 573 98 611 130
0219.jpg 1300 956 1 263 495 688
0221.jpg 1920 1200 638 594 994 1033
0222.jpg 640 429 167 147 637 409 102 90 560 276 1 115 72 293 11 2 109 122 119 1 530 112
0223.jpg 608 342 297 226 426 329 174 243 311 341 124 226 223 309 291 195 384 246 202 211 299 256 73 192 207 218 1 257 101 336
0224.jpg 5616 3744 1869 1413 2852 2101
0226.jpg 1300 1065 629 576 731 722
0227.jpg 254 198 15 12 118 81 142 16 245 80 21 105 118 182 130 116 247 175
0228.jpg 700 393 251 140 600 344
0229.jpg 1800 1426 1001 549 1453 1147
0231.jpg 425 260 168 214 217 255
0232.jpg 434 578 284 189 332 239
0233.jpg 1600 974 442 688 585 799
0234.jpg 3000 1853 1398 314 2963 1326
0236.jpg 2560 1600 616 122 1706 1172
0237.jpg 2560 1600 228 232 2513 1505
0238.jpg 1300 957 111 121 1068 785
0239.jpg 550 412 82 112 464 403
0241.jpg 620 457 279 142 320 180
0242.jpg 840 571 161 256 360 406
0243.jpg 700 525 163 183 426 313
0244.jpg 346 540 133 130 162 200
0246.jpg 1608 1258 118 163 724 1161
0247.jpg 500 334 159 220 275 287
0248.jpg 590 350 40 199 161 305
0249.jpg 432 324 194 121 258 163
0251.jpg 634 458 377 161 486 245
0252.jpg 634 477 240 168 513 368
0253.jpg 634 322 129 89 233 167
0254.jpg 634 360 52 5 570 348
0256.jpg 634 395 325 96 390 139
0257.jpg 634 504 37 44 612 471
0258.jpg 468 446 53 42 116 121
0259.jpg 634 705 292 286 545 370
0261.jpg 625 360 257 146 344 208
0262.jpg 634 403 124 45 538 207
0263.jpg 306 423 34 158 95 326
0264.jpg 306 423 249 166 306 305
0266.jpg 640 476 335 201 487 303
0267.jpg 640 345 11 14 621 326
0268.jpg 640 360 237 178 251 208
0269.jpg 640 487 217 199 408 372
0271.jpg 1280 720 113 175 1199 600
0272.jpg 2048 1160 509 578 843 914
0273.jpg 383 325 174 82 259 143
0274.jpg 580 412 124 206 305 412
0276.jpg 508 657 81 263 172 371
0277.jpg 1300 953 88 63 757 467
0278.jpg 468 312 46 2 230 311
0279.jpg 560 341 99 152 162 312 375 139 442 308
0281.jpg 640 425 109 149 220 424
0282.jpg 2000 1333 376 190 2000 1213
0283.jpg 2000 1333 335 109 2000 1106
0284.jpg 1200 973 1 15 1162 940
0286.jpg 700 416 27 12 495 393
0287.jpg 450 472 119 106 410 348
0288.jpg 450 299 137 28 439 192
0289.jpg 300 200 151 51 278 122
0291.jpg 1200 300 99 218 262 300 390 65 634 181
0292.jpg 450 470 84 5 421 247
0293.jpg 512 288 33 1 451 286
0294.jpg 346 540 26 176 112 322
0296.jpg 628 392 466 202 500 233
0297.jpg 600 399 222 46 483 101
0298.jpg 3072 1728 225 933 837 1324 913 582 1204 812 1422 533 1637 679 1579 479 1758 603
0299.jpg 275 200 163 65 224 165
0301.jpg 750 750 67 135 683 611
0302.jpg 1500 1000 981 416 1068 483 784 403 894 457
0303.jpg 440 660 231 105 347 392
0304.jpg 660 340 489 93 558 120
0306.jpg 420 315 6 17 410 267
0307.jpg 750 750 40 125 698 628
0308.jpg 1280 960 408 722 573 960 901 757 1030 960
0309.jpg 150 180 10 13 98 176
0311.jpg 270 194 55 46 107 80
0312.jpg 134 178 12 30 35 90
0313.jpg 270 194 48 53 182 111
0314.jpg 134 178 70 25 111 94
0316.jpg 269 194 165 64 183 117
0317.jpg 269 194 165 36 236 155
0318.jpg 134 178 86 34 104 83
0319.jpg 251 194 99 54 132 129
0321.jpg 1920 1080 474 617 779 1002
0322.jpg 270 194 2 16 91 156
0323.jpg 540 432 112 42 193 322
0324.jpg 208 194 154 13 195 86
0326.jpg 450 284 1 72 151 166 296 73 440 166
0327.jpg 300 470 31 40 121 152
0328.jpg 450 405 134 165 355 311
0329.jpg 300 470 3 195 196 377
0331.jpg 298 470 130 206 160 267
0332.jpg 303 470 43 199 104 246
0333.jpg 450 320 42 79 414 226
0334.jpg 450 320 27 10 439 294
0336.jpg 450 318 260 13 306 192
0337.jpg 450 357 5 17 443 318
0338.jpg 299 470 68 233 93 282
0339.jpg 330 470 13 60 62 97
0341.jpg 450 370 115 106 170 206
0342.jpg 286 470 30 62 226 357
0343.jpg 632 480 398 294 440 366
0344.jpg 1080 1024 762 307 1056 572
0346.jpg 256 171 61 34 81 55
0347.jpg 500 350 325 49 456 206
0348.jpg 615 409 148 165 222 215
0349.jpg 992 427 633 160 852 323
0351.jpg 1400 856 80 260 319 441
0352.jpg 1920 1200 100 475 636 922
0353.jpg 1100 647 2 17 1099 646
0354.jpg 661 496 227 196 278 310
0356.jpg 1280 853 110 60 1195 852
0357.jpg 450 320 195 101 353 204
0358.jpg 640 447 68 3 430 427
0359.jpg 581 329 77 60 444 228
0361.jpg 640 956 25 206 609 549
0362.jpg 750 471 10 19 716 436
0363.jpg 1000 678 36 40 978 663
0364.jpg 425 283 2 35 95 161
0366.jpg 986 900 235 418 309 551
0367.jpg 640 480 111 81 330 429
0368.jpg 626 455 180 154 238 228
0369.jpg 346 540 141 227 182 330
0371.jpg 460 502 82 91 244 172
0372.jpg 410 227 58 138 146 227
0373.jpg 620 350 229 29 450 343
0374.jpg 2762 1921 864 266 1764 1154
0376.jpg 630 703 30 364 154 514 499 419 592 638 454 233 528 350 275 131 404 302 216 171 287 324
0377.jpg 600 248 348 25 389 72
0378.jpg 800 531 25 21 537 400
0379.jpg 600 480 60 143 178 295
0381.jpg 450 267 76 8 388 234
0382.jpg 660 399 73 35 233 228
0383.jpg 1200 647 25 16 1065 589
0384.jpg 1600 833 396 113 1203 700
0386.jpg 876 493 193 218 366 444
0387.jpg 700 500 6 106 698 406
0388.jpg 1000 792 9 67 925 686
0389.jpg 600 450 194 194 344 401
0391.jpg 880 587 108 155 315 365
0392.jpg 645 644 126 508 235 644
0393.jpg 448 298 1 41 428 298
0394.jpg 1023 682 605 258 709 604
0396.jpg 1023 805 148 181 474 423
0397.jpg 682 1023 344 494 614 671
0398.jpg 682 1023 401 302 585 558
0399.jpg 682 1023 155 358 326 543
0401.jpg 1024 438 433 105 690 278
0402.jpg 682 1023 339 5 562 151
0403.jpg 682 1023 32 133 355 474
0404.jpg 682 1023 83 238 585 748
0406.jpg 774 646 162 192 417 492
0407.jpg 682 1023 91 653 401 974
0408.jpg 1023 683 328 78 890 597
0409.jpg 1023 651 28 15 786 585
0411.jpg 1024 590 440 143 852 450
0412.jpg 1023 682 524 246 921 454
0413.jpg 1023 682 49 81 982 682
0414.jpg 681 1023 134 197 334 592 3 212 198 535
0416.jpg 801 1024 271 404 426 465
0417.jpg 1023 620 394 185 474 265
0418.jpg 680 1024 438 169 633 431
0419.jpg 450 250 146 137 210 200
0421.jpg 682 1023 293 443 378 623
0422.jpg 1023 682 309 212 509 562
0423.jpg 1024 1024 90 144 263 290
0424.jpg 767 1023 542 272 682 390
0426.jpg 774 1023 197 92 476 348
0427.jpg 1024 495 13 53 137 218 294 195 352 360 387 57 537 195 463 137 587 330 748 53 867 191
0428.jpg 1023 682 474 166 921 458
0429.jpg 348 449 116 187 177 239
0431.jpg 168 112 11 20 116 87
0432.jpg 682 1023 493 415 573 612
0433.jpg 449 298 105 41 345 212
0434.jpg 682 1023 137 530 226 643
0436.jpg 720 1024 520 505 682 629
0437.jpg 705 1023 64 283 180 378
0438.jpg 796 1023 214 367 378 494
0439.jpg 765 1023 21 401 295 818
0441.jpg 1023 682 428 77 844 373
0442.jpg 682 1023 337 640 503 820
0443.jpg 1024 567 10 1 900 567
0444.jpg 1023 672 378 134 663 549
0446.jpg 1024 757 529 134 944 480
0447.jpg 1023 568 309 162 590 401
0448.jpg 1023 682 236 162 863 531
0449.jpg 1024 1024 537 552 606 652
0451.jpg 1024 766 75 173 652 665
0452.jpg 1023 683 601 139 724 308
0453.jpg 1023 683 324 516 390 662
0454.jpg 1023 683 124 151 221 316 748 154 859 308
0456.jpg 1024 678 129 206 425 452
0457.jpg 1024 678 813 179 983 344
0458.jpg 1023 682 21 50 982 550
0459.jpg 682 1023 178 169 306 415
0461.jpg 1023 682 382 489 563 677
0462.jpg 683 1023 258 392 396 458
0463.jpg 1023 682 351 139 596 682
0464.jpg 1023 683 171 78 498 581
0466.jpg 1023 683 144 247 332 481
0467.jpg 1023 683 498 16 586 178
0468.jpg 1023 682 286 246 486 562
0469.jpg 1023 586 351 106 821 329
0471.jpg 769 1023 65 298 315 607
0472.jpg 913 1023 9 209 206 392
0473.jpg 1023 682 271 54 413 254
0474.jpg 682 1023 239 384 352 579
0476.jpg 846 1023 566 184 643 290
0477.jpg 1023 683 121 1 1021 439
0478.jpg 470 1024 2 124 158 333
0479.jpg 168 111 14 39 36 73
0481.jpg 1024 827 387 319 625 761
0482.jpg 1024 737 325 105 775 639
0483.jpg 1023 716 428 306 517 586
0484.jpg 682 1023 219 261 337 533
0486.jpg 1023 682 101 192 563 573
0487.jpg 1024 766 10 1 1008 766
0488.jpg 450 450 154 47 407 258
0489.jpg 450 450 49 222 219 308
0491.jpg 268 188 13 23 256 175
0492.jpg 275 183 23 35 262 164
0493.jpg 225 225 7 50 217 200
0494.jpg 259 194 134 74 196 137
0496.jpg 300 168 83 23 243 159
0497.jpg 218 232 17 28 189 179
0498.jpg 261 193 107 32 261 193
0499.jpg 192 128 34 21 147 103
0501.jpg 262 193 1 1 213 129
0502.jpg 275 183 32 45 252 157
0503.jpg 259 194 90 78 107 123
0504.jpg 200 150 47 3 147 150
0506.jpg 275 184 106 48 238 140
0507.jpg 265 190 145 37 225 111
0508.jpg 286 176 144 13 282 133
0509.jpg 296 170 71 12 239 123
0511.jpg 263 192 49 27 118 148
0512.jpg 192 203 64 26 83 44
0513.jpg 262 192 101 46 125 63
0514.jpg 318 159 131 1 196 144
0516.jpg 269 187 8 7 241 92
0517.jpg 275 183 36 29 229 171
0518.jpg 244 206 1 87 177 205 38 1 240 83
0519.jpg 240 160 62 18 218 128
0521.jpg 286 176 207 40 286 105
0522.jpg 253 199 30 41 218 163
0523.jpg 262 193 2 28 220 169
0524.jpg 309 163 10 3 158 102
0526.jpg 262 192 49 21 185 137
0527.jpg 259 194 17 5 230 118
0528.jpg 259 194 15 8 240 131
0529.jpg 215 234 31 22 191 191
0531.jpg 319 158 46 21 248 156
0532.jpg 259 194 62 29 138 81
0533.jpg 259 194 8 8 88 60 140 26 212 77 29 127 102 176 150 129 232 175
0534.jpg 275 183 141 64 249 117
0536.jpg 194 260 32 68 150 248
0537.jpg 260 194 46 139 110 182
0538.jpg 247 204 22 79 200 127
0539.jpg 211 239 36 76 176 223
0541.jpg 275 183 35 35 209 161
0542.jpg 245 206 169 59 200 118
0543.jpg 188 268 130 131 176 167
0544.jpg 183 275 63 22 171 182
0546.jpg 272 185 98 38 249 141
0547.jpg 283 178 1 41 238 177
0548.jpg 275 183 1 56 77 160 42 47 150 154 117 46 213 146 169 39 273 142
0549.jpg 275 183 100 70 141 94
0551.jpg 268 188 36 58 184 156
0552.jpg 193 261 63 22 181 211
0553.jpg 181 279 1 5 181 261
0554.jpg 286 176 10 11 280 161
0556.jpg 850 567 310 136 642 339
0557.jpg 606 373 215 58 276 180
0558.jpg 915 610 541 213 714 389
0559.jpg 650 399 270 169 465 351
0561.jpg 247 204 22 79 200 127
0562.jpg 700 1000 85 590 240 751
0563.jpg 1500 1001 205 74 1117 915
0564.jpg 640 480 65 1 564 443
0566.jpg 1023 682 351 139 596 682
0567.jpg 640 480 35 145 371 307 142 272 537 429
0568.jpg 800 600 37 228 89 301 113 243 168 313 174 265 250 325 262 256 353 362 365 277 456 350 480 289 565 380 604 368 710 486
0569.jpg 800 600 46 110 760 600
0571.jpg 603 286 353 114 394 153
0572.jpg 899 628 61 41 719 425
0573.jpg 286 176 148 11 282 128
0574.jpg 530 204 24 6 503 187
0576.jpg 600 337 155 174 434 328
0577.jpg 284 177 14 6 276 146
0578.jpg 3162 1634 1873 277 3066 1392
0579.jpg 262 193 11 7 257 165
0581.jpg 320 308 80 84 269 238
0582.jpg 300 173 10 59 98 123
0583.jpg 300 370 16 70 277 306
0584.jpg 800 532 135 19 770 300
0586.jpg 640 480 10 99 620 394
0587.jpg 620 465 52 40 583 427
0588.jpg 450 314 167 83 226 135
0589.jpg 333 500 75 349 175 456
0591.jpg 800 490 547 73 592 124
0592.jpg 800 430 231 40 554 419
0593.jpg 661 496 65 25 584 406
0594.jpg 661 496 172 202 489 496
0596.jpg 661 496 1 102 579 496
0597.jpg 661 496 150 1 448 495
0598.jpg 1500 1125 253 260 1276 930
0599.jpg 2496 1863 831 517 1903 1017
0601.jpg 500 275 171 80 226 142 264 105 339 152
0602.jpg 661 496 202 34 389 440
0603.jpg 5616 3744 570 365 5145 3590
0604.jpg 480 340 125 46 246 314
0606.jpg 919 1388 153 695 768 1114
0607.jpg 764 625 36 174 707 504
0608.jpg 1663 980 131 95 1435 791
0609.jpg 980 653 305 318 496 481
0611.jpg 615 409 223 57 268 90
0612.jpg 3486 2490 743 341 3350 2125
0613.jpg 3462 2510 792 420 2007 1797
0614.jpg 915 594 433 320 643 524 683 206 859 352
0616.jpg 380 236 130 97 163 141
0617.jpg 1300 951 287 76 424 336
0618.jpg 640 444 465 143 577 315
0619.jpg 1680 1050 491 423 810 726
0621.jpg 661 496 136 11 550 479
0622.jpg 661 496 108 31 549 463
0623.jpg 795 900 23 15 757 877
0624.jpg 800 600 1 1 780 576
0626.jpg 600 400 142 78 527 324
0627.jpg 661 496 336 279 526 440
0628.jpg 500 753 76 560 136 655 78 305 421 545
0629.jpg 600 400 278 155 455 244
0631.jpg 1280 908 122 118 988 789
0632.jpg 640 478 76 41 474 310
0633.jpg 436 566 1 18 413 559
0634.jpg 1240 800 67 31 725 665
0636.jpg 615 409 180 126 257 182
0637.jpg 267 400 81 53 152 203
0638.jpg 800 595 15 5 792 594
0639.jpg 600 435 113 107 400 326
0641.jpg 660 660 80 136 640 481
0642.jpg 640 360 308 179 366 296
0643.jpg 293 198 70 33 225 171
0644.jpg 1100 730 286 49 842 432
0646.jpg 400 300 71 115 242 217
0647.jpg 1240 800 22 15 1211 768
0648.jpg 2648 1811 141 114 2547 1696
0649.jpg 494 250 26 1 490 249
0651.jpg 300 194 117 10 298 155
0652.jpg 1920 1200 1329 19 1620 815 999 45 1364 684
0653.jpg 640 479 228 68 417 479
0654.jpg 320 210 77 94 162 134 54 148 133 189
0656.jpg 700 480 148 82 442 305
0657.jpg 400 412 138 30 298 354
0658.jpg 548 299 334 160 372 195
0659.jpg 465 356 24 61 196 176
0661.jpg 560 335 184 87 242 139 307 82 347 126
0662.jpg 639 360 261 121 391 325
0663.jpg 415 375 85 124 174 180
0664.jpg 640 368 125 28 525 291
0666.jpg 525 375 214 308 270 344
0667.jpg 640 427 46 215 331 422 1 202 180 364 191 214 627 424 29 117 381 252 327 50 594 190 118 9 365 174 370 1 634 102 3 1 222 84
0668.jpg 710 532 84 132 473 408
0669.jpg 317 320 107 197 287 290 92 127 254 205 98 76 267 137
0671.jpg 670 447 42 122 479 346
0672.jpg 640 447 132 38 415 214 487 122 635 336
0673.jpg 640 446 279 123 549 270
0674.jpg 620 413 67 35 336 320
0676.jpg 1500 1125 246 280 1273 900
0677.jpg 640 400 36 99 204 340
0678.jpg 560 364 383 127 452 177
0679.jpg 259 194 16 75 177 185 75 12 228 122
0681.jpg 620 312 26 52 588 300
0682.jpg 620 458 62 42 430 405
0683.jpg 1005 759 26 51 982 720
0684.jpg 800 563 289 224 568 415
0686.jpg 1500 1000 560 341 1146 708
0687.jpg 720 484 67 323 182 480 315 326 437 479 550 325 675 482 242 92 461 239 553 85 669 241
0688.jpg 507 600 1 338 411 599 4 5 507 304
0689.jpg 800 600 464 242 566 297 440 364 543 407
0691.jpg 1020 596 189 119 780 337
0692.jpg 750 500 4 172 266 463 173 111 642 406 373 34 742 347
0693.jpg 1600 1200 653 319 1321 991
0694.jpg 458 348 15 109 435 301
0696.jpg 1024 682 630 230 923 505
0697.jpg 425 282 191 82 362 217
0698.jpg 652 360 248 25 405 360
0699.jpg 1000 771 71 206 259 339
0701.jpg 799 597 157 34 676 511
0702.jpg 450 321 1 233 27 263 36 234 77 265 81 235 123 266 117 243 172 274 26 205 52 222 64 203 99 229 103 205 133 233 141 206 177 233 184 247 225 277 202 205 275 245 234 252 275 274 413 254 449 292 412 215 445 244
0703.jpg 900 1350 25 937 419 1249 492 952 865 1255 10 640 431 909 468 640 877 928 7 328 407 597 492 334 843 603 25 3 368 258 483 21 850 279
0704.jpg 450 336 12 133 321 334 128 10 434 233
0706.jpg 277 182 4 4 272 172
0707.jpg 1000 644 80 229 262 363
0708.jpg 700 500 466 167 639 300
0709.jpg 300 182 1 1 222 163
0711.jpg 660 660 27 219 431 488
0712.jpg 640 440 228 78 410 327
0713.jpg 640 375 222 22 614 323
0714.jpg 626 626 14 153 428 423
0716.jpg 600 368 201 7 571 317
0717.jpg 863 1390 287 265 553 905
0718.jpg 863 1390 287 280 550 887
0719.jpg 1024 771 273 13 755 729
0721.jpg 667 580 1 5 655 578
0722.jpg 640 480 1 67 628 480
0723.jpg 2768 2067 315 574 934 1330
0724.jpg 420 236 21 83 207 178
0726.jpg 420 150 32 12 197 140 218 17 416 143
0727.jpg 420 150 4 58 206 116 284 1 338 147
0728.jpg 420 252 5 3 387 246
0729.jpg 420 253 3 2 365 150
0731.jpg 1280 960 71 287 605 872 702 270 1245 938
0732.jpg 700 375 90 11 593 362
0733.jpg 309 400 167 102 304 211
0734.jpg 398 209 299 67 371 114
0736.jpg 283 424 60 141 184 370
0737.jpg 1600 947 396 368 1032 600
0738.jpg 1100 733 206 104 1006 692
0739.jpg 745 497 338 209 392 259
0741.jpg 200 150 25 1 41 64 91 1 107 62 155 1 172 62
0742.jpg 1200 800 528 240 1057 782
0743.jpg 1200 800 423 246 950 732
0744.jpg 1200 800 326 153 931 756
0746.jpg 970 650 367 75 965 385
0747.jpg 1920 1200 842 280 1225 1136
0748.jpg 992 744 82 160 763 625
0749.jpg 1600 668 339 350 1075 667 484 1 1292 464
0751.jpg 504 275 45 143 164 205 17 5 130 51
0752.jpg 661 496 333 345 411 406
0753.jpg 300 154 1 1 297 149
0754.jpg 300 162 10 15 292 149
0756.jpg 300 207 38 62 295 187
0757.jpg 300 206 26 40 288 191
0758.jpg 300 242 1 1 284 125
0759.jpg 300 231 14 46 292 192
0761.jpg 300 207 56 55 289 195
0762.jpg 300 207 51 55 286 195
0763.jpg 300 207 53 46 282 195
0764.jpg 300 196 20 59 271 148
0766.jpg 300 211 1 13 294 197
0767.jpg 300 176 3 4 286 150
0768.jpg 300 157 36 14 255 116
0769.jpg 300 179 3 4 288 154
0771.jpg 300 199 7 13 291 192
0772.jpg 300 160 8 15 292 126
0773.jpg 300 206 23 7 271 198
0774.jpg 300 165 3 5 294 159
0776.jpg 300 257 67 24 219 129
0777.jpg 300 163 6 10 294 152
0778.jpg 300 189 20 32 282 172
0779.jpg 300 151 6 12 293 136
0781.jpg 300 180 16 7 282 168
0782.jpg 300 225 4 1 298 224
0783.jpg 300 200 21 60 240 180
0784.jpg 300 163 3 2 288 147
0786.jpg 300 158 44 19 259 99
0787.jpg 300 203 8 11 283 173
0788.jpg 300 166 4 4 296 166
0789.jpg 300 164 17 37 282 135
0791.jpg 300 192 5 45 290 182
0792.jpg 300 243 84 50 210 118
0793.jpg 300 263 3 62 300 179
0794.jpg 300 197 37 52 269 160
0796.jpg 300 180 46 40 268 152
0797.jpg 300 184 11 37 286 153
0798.jpg 300 187 13 1 272 174
0799.jpg 300 172 15 13 288 160
0801.jpg 300 145 1 12 294 141
0802.jpg 300 300 8 62 278 237
0803.jpg 300 183 7 8 192 95
0804.jpg 300 199 26 11 275 183
0806.jpg 300 169 1 11 282 149
0807.jpg 300 166 11 14 291 155
0808.jpg 300 225 13 16 281 218
0809.jpg 300 300 4 104 294 215
0811.jpg 300 203 9 10 284 175
0812.jpg 300 224 30 15 300 206
0813.jpg 300 153 1 1 296 141
0814.jpg 300 152 15 5 284 137
0816.jpg 300 159 4 9 292 154
0817.jpg 300 223 5 71 290 201
0818.jpg 300 259 13 49 276 214
0819.jpg 300 173 2 1 296 158
0821.jpg 300 165 19 23 288 141
0822.jpg 300 196 3 27 283 182
0823.jpg 300 153 1 5 298 148
0824.jpg 300 225 11 35 288 198
0826.jpg 300 213 11 22 276 181
0827.jpg 190 300 1 91 188 211
0828.jpg 300 197 25 5 267 162
0829.jpg 300 171 8 3 290 156
0831.jpg 300 217 1 33 281 215
0832.jpg 300 172 3 4 294 162
0833.jpg 300 151 13 16 291 132
0834.jpg 1024 768 484 296 839 446
0836.jpg 620 350 23 66 559 345
0837.jpg 178 282 33 16 148 211
0838.jpg 266 189 64 44 203 136
0839.jpg 188 268 91 122 144 258
0841.jpg 275 183 95 48 208 132
0842.jpg 281 179 96 26 254 130
0843.jpg 249 202 22 32 161 136
0844.jpg 267 189 22 25 207 164
0846.jpg 273 185 67 8 255 138
0847.jpg 268 188 34 57 188 157
0848.jpg 266 189 99 40 133 88
0849.jpg 269 187 145 50 237 120
0851.jpg 262 192 29 57 115 159
0852.jpg 300 168 28 1 219 82
0853.jpg 275 184 176 72 239 129
0854.jpg 313 161 47 43 152 119 161 45 263 114
0856.jpg 297 170 22 4 262 97
0857.jpg 259 194 32 23 228 113
0858.jpg 259 194 159 71 259 176
0859.jpg 280 180 121 40 228 124
0861.jpg 259 194 151 71 223 156
0862.jpg 183 275 75 71 97 125
0863.jpg 183 275 87 90 162 224
0864.jpg 259 195 17 22 67 86
0866.jpg 286 176 1 62 284 125
0867.jpg 183 275 33 33 106 166
0868.jpg 225 225 50 31 102 72 139 43 166 69 75 140 136 182
0869.jpg 248 203 48 67 105 105
0871.jpg 275 183 62 50 215 160
0872.jpg 254 199 105 50 140 126
0873.jpg 304 166 157 68 173 86
0874.jpg 300 168 164 111 197 159
0876.jpg 183 275 79 66 92 93
0877.jpg 237 213 21 75 61 135
0878.jpg 256 124 14 44 209 90
0879.jpg 259 194 83 83 231 194
0881.jpg 262 192 116 17 148 41
0882.jpg 300 168 114 42 149 101
0883.jpg 262 192 136 53 218 134
0884.jpg 256 192 62 7 239 105
0886.jpg 252 200 157 12 191 67
0887.jpg 252 200 21 32 162 142
0888.jpg 286 176 52 3 175 144
0889.jpg 275 183 100 70 141 113
0891.jpg 251 201 149 48 175 74
0892.jpg 279 180 33 30 184 109
0893.jpg 260 194 86 73 106 91
0894.jpg 300 168 167 49 184 65
0896.jpg 300 168 2 1 169 162
0897.jpg 317 159 11 26 305 151
0898.jpg 275 183 112 16 195 151
0899.jpg 277 182 140 72 176 104
0901.jpg 258 195 134 89 172 123
0902.jpg 300 168 195 41 216 58
0903.jpg 225 225 89 19 138 224
0904.jpg 240 180 106 40 131 57
0906.jpg 177 285 34 88 91 164
0907.jpg 182 277 1 2 137 193
0908.jpg 211 239 56 88 77 134
0909.jpg 240 210 83 71 149 182
0911.jpg 201 135 14 16 178 118
0912.jpg 275 183 43 16 236 140
0913.jpg 266 190 99 27 263 161
0914.jpg 262 192 80 34 101 54
0916.jpg 275 183 65 34 215 137
0917.jpg 266 189 86 40 140 91
0918.jpg 255 198 97 21 224 179
0919.jpg 275 183 33 59 100 123
0921.jpg 275 183 1 1 158 176
0922.jpg 260 194 70 73 132 106 46 116 109 149 137 87 188 125 189 20 242 54 178 58 236 95
0923.jpg 293 172 105 9 280 147
0924.jpg 199 254 110 81 144 117
0926.jpg 270 187 75 51 245 149
0927.jpg 275 183 56 117 153 154
0928.jpg 275 183 152 50 245 136
0929.jpg 281 179 119 17 179 74
0931.jpg 193 262 30 129 75 187
0932.jpg 185 272 108 48 138 79
0933.jpg 270 187 167 92 235 147
0934.jpg 245 206 31 71 179 145
0936.jpg 303 166 1 23 119 87 147 6 258 84
0937.jpg 266 189 31 45 189 163
0938.jpg 262 192 46 19 200 123
0939.jpg 206 244 8 3 202 137
0941.jpg 292 173 43 3 261 161
0942.jpg 177 285 51 123 104 203
0943.jpg 276 183 31 23 132 135
0944.jpg 275 183 41 53 118 132
0946.jpg 262 192 52 59 101 103
0947.jpg 200 155 81 43 107 98
0948.jpg 252 200 32 31 192 133
0949.jpg 275 183 68 9 230 90
0951.jpg 356 141 14 3 287 131
0952.jpg 261 193 26 17 185 170
0953.jpg 262 192 177 54 254 136
0954.jpg 183 275 58 51 123 168
0956.jpg 275 183 71 43 217 97
0957.jpg 217 232 26 39 147 134
0958.jpg 251 201 4 20 205 112
0959.jpg 274 184 66 69 242 157
0961.jpg 253 199 78 35 194 160
0962.jpg 186 256 21 79 134 243
0963.jpg 272 185 99 38 238 107
0964.jpg 262 193 26 14 126 92
0966.jpg 225 225 75 91 116 180
0967.jpg 322 157 113 25 146 114
0968.jpg 183 275 37 207 68 246
0969.jpg 183 275 13 38 47 98
0971.jpg 259 194 113 87 132 125
0972.jpg 266 190 95 15 231 116
0973.jpg 275 183 122 54 242 175
0974.jpg 266 189 141 2 166 59
0976.jpg 275 183 24 21 229 166
0977.jpg 276 182 104 76 214 157
0978.jpg 261 193 85 20 225 71
0979.jpg 259 194 49 33 85 55
0981.jpg 254 199 14 80 79 115 95 78 158 118 180 79 240 120
0982.jpg 203 248 64 59 99 157
0983.jpg 274 162 15 15 258 152
0984.jpg 259 194 79 120 102 152
0986.jpg 259 194 61 39 189 194
0987.jpg 259 194 74 63 86 73
0988.jpg 256 197 17 50 66 84
0989.jpg 254 198 47 39 236 137
0991.jpg 259 194 75 77 141 163
0992.jpg 259 194 183 1 253 58
0993.jpg 257 196 7 4 257 194
0994.jpg 343 147 103 68 239 147
0996.jpg 294 172 89 1 201 81
0997.jpg 275 183 134 6 157 52
0998.jpg 275 183 68 49 228 128
0999.jpg 202 128 59 32 174 98
1001.jpg 263 192 96 17 227 72
1002.jpg 183 275 121 72 135 137
1003.jpg 265 190 108 51 240 134
1004.jpg 183 275 12 69 119 140
1006.jpg 94 206 1 25 31 64
1007.jpg 311 162 98 43 212 116
1008.jpg 259 195 19 26 67 83
1009.jpg 290 174 215 36 248 71
1011.jpg 275 183 27 18 210 119
1012.jpg 183 275 20 17 160 247
1013.jpg 275 184 76 47 181 103
1014.jpg 192 240 150 26 167 81
1016.jpg 183 275 56 8 104 44 54 87 86 138
1017.jpg 183 275 71 60 109 108
1018.jpg 259 194 78 72 111 96
1019.jpg 269 187 39 55 165 145
1021.jpg 275 183 149 35 246 163
1022.jpg 198 254 79 101 101 109
1023.jpg 275 183 66 56 112 173
1024.jpg 275 183 162 38 189 72
1026.jpg 275 183 94 20 183 109
1027.jpg 183 275 73 125 100 183
1028.jpg 276 183 122 55 168 91
1029.jpg 260 194 25 54 166 158
1031.jpg 183 275 143 74 179 99
1032.jpg 168 300 108 115 168 160
1033.jpg 183 276 42 106 62 131
1034.jpg 275 183 130 46 247 124
1036.jpg 251 201 162 34 207 115
1037.jpg 192 262 2 48 176 200
1038.jpg 275 183 36 8 210 128
1039.jpg 275 183 130 3 175 73 76 40 137 126
1041.jpg 275 183 101 24 238 120
1042.jpg 249 202 36 67 95 160
1043.jpg 268 188 83 20 142 74
1044.jpg 212 238 3 48 47 90
1046.jpg 252 200 181 101 233 140
1047.jpg 275 183 67 12 230 88
1048.jpg 275 183 4 37 125 105
1049.jpg 259 194 10 14 215 121
1051.jpg 1000 1193 79 203 1000 562
1052.jpg 4272 2848 1302 750 3296 2090
1053.jpg 500 381 84 25 470 360
1054.jpg 800 566 65 71 737 503
1056.jpg 1024 683 386 197 726 414
1057.jpg 1300 866 180 163 1135 553
1058.jpg 660 471 1 1 610 399
1059.jpg 640 480 1 1 637 480
1061.jpg 2592 1728 1279 526 1450 847
1062.jpg 375 275 30 93 292 187 76 118 337 200
1063.jpg 600 265 4 3 459 211
1064.jpg 356 540 67 15 91 187
1066.jpg 639 439 126 172 347 407
1067.jpg 527 413 29 172 162 236 202 167 327 242 373 169 498 242
1068.jpg 220 379 175 37 218 72
1069.jpg 2634 2340 1029 132 2517 2078 179 545 1521 2211
1071.jpg 640 360 269 72 566 271
1072.jpg 400 298 8 8 397 289
1073.jpg 661 496 386 52 594 248
1074.jpg 570 562 26 156 529 474
1076.jpg 480 360 363 125 416 197
1077.jpg 1024 768 763 263 926 640
1078.jpg 480 360 13 97 85 152
1079.jpg 615 346 195 143 255 173
1081.jpg 299 470 113 105 148 132 155 102 200 146
1082.jpg 703 535 340 32 537 103
1083.jpg 136 170 66 4 85 55
1084.jpg 450 319 49 110 248 241
1086.jpg 271 194 224 61 257 81 6 106 44 132
1087.jpg 600 436 57 18 567 412
1088.jpg 2804 2104 783 633 2056 1147
1089.jpg 800 602 241 94 713 469
1091.jpg 1000 752 70 32 892 711
1092.jpg 538 218 28 1 389 217
1093.jpg 800 560 35 10 780 536
1094.jpg 1500 1125 9 336 538 691
1096.jpg 1650 1100 317 198 1396 952
1097.jpg 300 257 1 42 295 242
1098.jpg 1033 775 626 197 710 243
1099.jpg 512 316 247 58 512 235
1101.jpg 380 253 110 82 271 174
1102.jpg 1400 856 171 84 1315 460
1103.jpg 1060 1050 68 291 608 695
1104.jpg 360 240 29 68 340 181
1106.jpg 1080 720 21 15 1067 685
1107.jpg 1628 1499 1001 516 1444 949
1108.jpg 206 300 65 244 108 287
1109.jpg 700 394 188 112 278 300
1111.jpg 3416 2592 241 862 1230 1629
1112.jpg 600 400 389 72 502 269
1113.jpg 560 370 16 9 551 349
1114.jpg 600 425 42 141 166 203
1116.jpg 520 540 76 176 189 354
1117.jpg 600 400 375 77 548 190
1118.jpg 866 1390 77 433 303 763
1119.jpg 866 1390 79 507 258 635
1121.jpg 1200 801 869 168 1099 396
1122.jpg 449 300 109 70 348 175
1123.jpg 800 430 258 163 560 365
1124.jpg 940 545 222 112 368 537
1126.jpg 450 320 147 85 348 221
1127.jpg 300 470 70 154 110 182
1128.jpg 640 447 36 72 301 267
1129.jpg 800 430 281 58 571 343
1131.jpg 1000 685 104 26 567 685
1132.jpg 1300 926 176 14 854 422
1133.jpg 660 440 262 107 323 137
1134.jpg 560 368 201 41 456 303
1136.jpg 620 475 384 141 544 263
1137.jpg 750 418 90 4 685 417
1138.jpg 300 199 49 13 256 188
1139.jpg 600 417 87 58 548 314
1141.jpg 2000 1325 487 512 696 718
1142.jpg 380 309 39 56 344 269
1143.jpg 812 541 456 132 546 216
1144.jpg 550 309 188 165 238 228 440 108 491 163
1146.jpg 1280 1125 154 76 1166 490
1147.jpg 620 350 43 239 102 304
1148.jpg 1280 854 40 235 386 759 306 99 624 587 522 261 856 801 664 83 968 567 898 205 1244 737
1149.jpg 650 400 27 25 628 361
1151.jpg 637 480 84 40 492 377
1152.jpg 511 259 1 3 501 251
1153.jpg 640 447 159 201 215 328
1154.jpg 637 510 359 337 422 375 131 111 178 163
1156.jpg 1536 1536 1026 543 1348 1285 94 411 441 1514
1157.jpg 2000 1000 553 103 1078 1000
1158.jpg 2000 1000 775 3 1256 887
1159.jpg 485 340 287 82 481 263
1161.jpg 2000 1000 528 268 1218 625
1162.jpg 2000 1000 334 43 1996 978
1163.jpg 700 525 319 22 388 74 53 200 130 277 174 55 217 88 200 394 241 423 532 29 586 84 351 311 397 356 606 324 644 353 438 373 470 387 479 505 513 524 255 160 291 173 479 145 513 162
1164.jpg 1300 972 219 343 559 700
1166.jpg 595 286 26 58 541 274
1167.jpg 259 194 21 78 146 163 84 31 221 111
1168.jpg 608 386 196 232 211 255
1169.jpg 880 440 495 11 878 204
1171.jpg 1024 623 3 6 1017 595
1172.jpg 995 690 55 65 865 415
1173.jpg 523 350 41 15 478 319
1174.jpg 1280 720 136 253 553 436
1176.jpg 1280 960 352 155 1221 818
1177.jpg 1000 630 376 46 970 476
1178.jpg 575 302 162 60 225 146
1179.jpg 640 360 88 177 104 207 291 122 333 216
1181.jpg 600 338 1 149 126 235
1182.jpg 705 705 500 213 536 233
1183.jpg 705 705 496 263 583 374
1184.jpg 705 705 554 299 671 361
1186.jpg 585 390 8 12 583 379
1187.jpg 500 455 44 155 234 427
1188.jpg 630 420 117 56 591 403
1189.jpg 2000 1600 79 243 1928 1351
1191.jpg 400 397 13 14 369 390
1192.jpg 124 160 8 37 65 115 55 70 119 152
1193.jpg 450 354 13 45 441 331
1194.jpg 500 395 291 102 390 170
1196.jpg 500 375 9 22 479 328
1197.jpg 500 375 13 136 359 364 78 7 492 218
1198.jpg 500 341 1 4 494 322
1199.jpg 500 375 19 7 447 321
1201.jpg 500 375 91 28 352 148
1202.jpg 500 375 177 134 208 168
1203.jpg 680 459 197 239 282 415 289 217 406 432 427 184 527 405 197 57 359 188 319 51 525 231
1204.jpg 500 375 185 156 329 223
1206.jpg 590 416 190 16 560 259 12 191 380 393
1207.jpg 590 376 20 16 274 349 309 18 558 351
1208.jpg 590 441 135 163 556 398 18 5 406 321
1209.jpg 370 336 93 13 362 227
1211.jpg 500 348 8 11 491 304
1212.jpg 500 349 13 3 475 331
1213.jpg 375 500 58 1 330 375
1214.jpg 500 375 231 1 500 251
1216.jpg 500 311 1 3 495 304
1217.jpg 500 333 87 72 199 168
1218.jpg 500 375 78 82 404 340
1219.jpg 500 375 78 50 369 225
1221.jpg 290 495 15 91 81 123
1222.jpg 500 313 57 43 404 276
1223.jpg 200 133 69 8 191 122
1224.jpg 570 359 6 31 534 336
1226.jpg 450 300 249 87 296 120 297 93 334 114
1227.jpg 500 375 84 56 439 289
1228.jpg 375 500 200 99 221 111 223 366 294 500
1229.jpg 99 93 40 38 76 88
1231.jpg 500 400 273 120 375 244
1232.jpg 500 375 48 23 304 212
1233.jpg 500 321 1 5 498 317
1234.jpg 472 500 300 67 363 119
1236.jpg 500 375 26 60 485 331
1237.jpg 500 401 1 54 494 354
1238.jpg 500 375 11 43 478 341
1239.jpg 500 333 55 8 469 318
1241.jpg 500 406 56 50 431 358
1242.jpg 500 349 59 25 489 254
1243.jpg 500 375 23 31 478 269
1244.jpg 500 247 20 20 478 222
1246.jpg 376 500 90 132 282 253
1247.jpg 1024 762 151 1 999 744
1248.jpg 500 493 87 81 189 138 54 310 160 375 336 334 437 386 311 69 438 135
1249.jpg 500 375 11 50 485 341
1251.jpg 500 375 16 22 495 359
1252.jpg 500 375 20 16 488 359 232 179 334 261
1253.jpg 264 422 4 1 236 416
1254.jpg 500 370 289 167 482 307 232 70 410 237 116 32 246 253 13 107 191 304
1256.jpg 500 375 5 96 480 253
1257.jpg 500 299 8 12 490 282
1258.jpg 500 288 307 104 360 137 328 126 369 150 368 96 428 127 385 117 447 144 397 137 444 169 413 157 466 187
1259.jpg 333 500 176 326 241 433
1261.jpg 500 375 37 72 290 297
1262.jpg 640 480 360 260 523 396
1263.jpg 500 324 94 11 449 209
1264.jpg 500 334 121 27 466 233
1266.jpg 500 333 282 98 367 131
1267.jpg 333 500 133 241 172 333
1268.jpg 500 339 91 27 202 289 308 120 386 257
1269.jpg 500 339 94 25 206 286 303 120 382 259
1271.jpg 500 333 311 139 337 166
1272.jpg 500 333 244 133 286 154
1273.jpg 500 333 221 90 251 108
1274.jpg 500 333 58 18 482 323
1276.jpg 500 404 28 90 457 354
1277.jpg 500 323 210 54 291 215
1278.jpg 500 333 22 43 284 175
1279.jpg 334 500 58 14 272 472
1281.jpg 500 375 84 98 370 237
1282.jpg 500 333 171 69 277 234
1283.jpg 500 375 30 141 239 230
1284.jpg 500 352 27 20 473 352
1286.jpg 500 333 26 32 318 255
1287.jpg 320 209 123 9 170 117
1288.jpg 500 375 125 131 146 150
1289.jpg 500 374 249 136 262 149
1291.jpg 500 375 102 175 118 188
1292.jpg 375 500 102 191 176 313 238 271 261 305
1293.jpg 333 500 33 14 127 258
1294.jpg 500 260 74 15 436 241
1296.jpg 500 586 82 250 370 516
1297.jpg 500 311 216 76 427 311 28 109 278 311
1298.jpg 450 342 63 16 417 252
1299.jpg 450 338 43 12 406 317
1301.jpg 500 375 50 57 478 317
1302.jpg 500 375 29 64 425 359
1303.jpg 300 275 2 2 300 273
1304.jpg 300 382 1 186 297 379 1 3 297 185
1306.jpg 500 347 8 11 496 336
1307.jpg 500 373 21 21 471 357
1308.jpg 500 370 24 15 475 348
1309.jpg 500 399 240 121 453 371
1311.jpg 555 434 51 12 503 392
1312.jpg 1000 823 35 11 956 773
1313.jpg 1000 679 28 39 971 657
1314.jpg 955 1000 36 63 926 978
1316.jpg 1000 642 27 48 977 616
1317.jpg 1000 730 35 35 958 671
1318.jpg 1000 851 43 46 931 773
1319.jpg 883 1000 71 38 829 946
1321.jpg 1000 944 88 55 946 891
1322.jpg 1000 555 41 52 990 526
1323.jpg 1000 747 72 78 912 704
1324.jpg 576 498 30 28 544 447
1326.jpg 584 405 25 17 571 332
1327.jpg 500 413 22 54 488 363
1328.jpg 450 300 41 78 134 115 39 131 88 158 50 163 75 182 56 184 72 193 58 198 69 204
1329.jpg 590 408 37 31 553 377
1331.jpg 1000 743 10 2 1000 739
1332.jpg 1024 993 318 717 614 881 649 171 962 325 357 275 624 415 218 46 514 209
1333.jpg 1024 768 1 108 992 552
1334.jpg 1001 464 1 5 1001 463
1336.jpg 1024 768 71 68 1021 617
1337.jpg 1024 683 179 134 867 543
1338.jpg 1024 641 37 35 979 610
1339.jpg 450 389 6 13 438 248
1341.jpg 800 575 392 90 774 347 188 273 569 527
1342.jpg 1024 432 4 1 1019 431
1343.jpg 1024 724 169 51 851 645
1344.jpg 500 332 44 18 234 293 228 22 417 292
1346.jpg 590 444 85 26 477 413
1347.jpg 590 426 40 40 553 380
1348.jpg 332 500 28 64 98 206
1349.jpg 500 332 1 43 137 301
1351.jpg 500 333 147 16 364 325
1352.jpg 500 333 113 40 497 284
1353.jpg 500 375 94 49 410 292
1354.jpg 500 458 18 25 478 346
1356.jpg 500 326 1 1 499 320
1357.jpg 500 334 133 1 500 240
1358.jpg 500 404 16 31 223 284 267 36 478 292
1359.jpg 422 500 112 282 389 481 27 21 343 215
1361.jpg 500 375 280 83 429 271 73 84 317 200
1362.jpg 500 334 216 53 381 205
1363.jpg 333 500 5 301 259 427
1364.jpg 500 365 65 168 481 345
1366.jpg 333 500 81 169 126 275
1367.jpg 500 375 275 42 406 198
1368.jpg 500 334 333 71 441 166
1369.jpg 334 500 247 122 308 163
1371.jpg 500 375 73 151 157 185
1372.jpg 500 376 30 70 365 374
1373.jpg 500 327 34 1 456 327
1374.jpg 500 403 1 147 356 391
1376.jpg 335 500 17 111 335 443
1377.jpg 500 335 174 82 473 275
1378.jpg 365 500 60 394 155 461 207 386 337 476 51 281 159 365 176 275 319 365 179 178 310 263
1379.jpg 500 473 85 348 243 457 277 349 420 464 9 222 156 328 185 228 333 333 339 241 456 339
1381.jpg 500 375 35 15 500 280
1382.jpg 500 299 38 34 476 272
1383.jpg 500 375 60 92 500 375
1384.jpg 500 375 87 29 491 358
1386.jpg 500 333 28 77 421 299
1387.jpg 500 333 1 1 452 281
1388.jpg 500 332 331 120 460 192
1389.jpg 500 357 27 171 118 249
1391.jpg 500 375 247 112 286 152
1392.jpg 3262 2446 2 256 1683 2446 1606 111 3044 2039
1393.jpg 500 375 133 201 214 277
1394.jpg 375 500 211 154 296 224
1396.jpg 500 375 143 96 333 308
1397.jpg 336 495 116 137 154 181
1398.jpg 500 333 279 162 354 229
1399.jpg 500 422 17 170 318 398 138 13 483 276
1401.jpg 500 375 126 89 373 211 81 217 360 363
1402.jpg 500 375 104 163 328 304 154 80 384 249
1403.jpg 500 375 104 99 386 307
1404.jpg 500 443 52 81 446 361 93 250 182 372
1406.jpg 500 375 10 55 495 307
1407.jpg 500 375 12 36 482 338
1408.jpg 500 375 65 210 179 333 192 246 321 365
1409.jpg 500 375 30 57 468 297
1411.jpg 500 375 179 125 221 189
1412.jpg 500 461 91 91 384 422
1413.jpg 500 391 94 2 500 349
1414.jpg 500 381 43 24 362 343
1416.jpg 500 333 334 146 384 227
1417.jpg 500 449 113 122 190 271
1418.jpg 500 333 270 153 307 229
1419.jpg 500 469 170 59 348 461
1421.jpg 500 334 22 153 233 246 265 136 478 247
1422.jpg 500 335 67 36 277 230
1423.jpg 500 333 47 38 455 307
1424.jpg 500 333 61 64 307 311
1426.jpg 500 442 102 84 386 411
1427.jpg 500 337 39 48 456 283
1428.jpg 500 333 51 102 459 277
1429.jpg 500 375 72 37 413 375
1431.jpg 500 339 230 58 454 206
1432.jpg 500 375 108 77 479 294
1433.jpg 500 375 1 47 500 375
1434.jpg 500 375 78 45 443 316
1436.jpg 375 500 106 9 270 118
1437.jpg 500 375 1 40 500 357
1438.jpg 500 375 79 86 491 342
1439.jpg 500 285 156 17 238 67 301 12 367 62
1441.jpg 500 333 103 46 417 241
1442.jpg 500 334 65 23 484 203
1443.jpg 500 375 47 46 482 267
1444.jpg 500 334 121 165 215 255
1446.jpg 333 500 33 7 225 500
1447.jpg 500 333 57 121 396 259
1448.jpg 500 333 272 120 365 160 245 159 394 216 103 167 206 204 186 68 239 99 101 55 210 107 253 68 314 101
1449.jpg 500 333 13 102 487 293
1451.jpg 500 375 92 63 417 315
1452.jpg 500 333 33 127 174 249
1453.jpg 500 333 29 43 498 243
1454.jpg 500 340 248 103 280 139
1456.jpg 500 338 39 155 149 207
1457.jpg 500 347 88 197 180 271
1458.jpg 500 336 31 89 463 259
1459.jpg 333 500 13 120 333 442
1461.jpg 500 375 125 15 435 370
1462.jpg 500 375 223 100 271 165
1463.jpg 500 375 197 189 385 315 281 86 336 160
1464.jpg 500 375 28 58 461 349
1466.jpg 500 333 40 35 474 290
1467.jpg 335 500 152 187 221 439
1468.jpg 500 412 367 89 426 176
1469.jpg 500 263 13 19 484 232
1471.jpg 500 355 76 72 158 118 155 73 190 99
1472.jpg 374 500 25 225 346 422
1473.jpg 500 333 10 91 500 254
1474.jpg 375 500 91 266 129 357
1476.jpg 500 373 33 58 428 319
1477.jpg 334 500 80 251 269 476
1478.jpg 500 333 120 93 444 300 1 2 167 136
1479.jpg 500 334 73 92 423 305
1481.jpg 500 334 46 140 174 248
1482.jpg 500 377 8 58 484 325
1483.jpg 250 138 16 14 227 117
1484.jpg 500 281 2 28 500 281
1486.jpg 500 281 9 2 497 274
1487.jpg 500 315 13 10 467 301
1488.jpg 500 375 56 85 406 286
1489.jpg 375 500 90 27 256 248 93 1 302 167
1491.jpg 333 500 22 11 320 434 2 223 325 500
1492.jpg 500 420 60 185 341 388 151 36 431 240
1493.jpg 500 375 130 11 442 346
1494.jpg 500 375 15 24 491 324
1496.jpg 500 366 76 132 450 350 104 10 472 200
1497.jpg 500 388 19 53 462 356
1498.jpg 500 375 27 17 476 298
1499.jpg 500 320 2 12 492 310
1501.jpg 500 375 215 28 309 362
1502.jpg 500 375 117 93 395 303
1503.jpg 500 375 120 71 403 290
1504.jpg 329 500 142 208 297 465
1506.jpg 500 333 2 11 440 330
1507.jpg 500 375 13 20 486 246
1508.jpg 500 268 184 47 350 177
1509.jpg 500 195 84 44 94 56 212 42 223 57
1511.jpg 500 353 3 17 422 189
1512.jpg 375 500 175 168 193 203
1513.jpg 375 500 227 132 267 174
1514.jpg 375 500 199 162 211 178
1516.jpg 500 375 93 91 435 333
1517.jpg 500 375 253 115 279 136
1518.jpg 375 500 185 258 208 275
1519.jpg 500 375 133 161 230 302 31 174 113 280 245 154 325 268 326 162 412 319 417 171 500 288 427 2 495 59 264 47 341 146 77 40 139 143 141 34 201 132 329 2 373 39 205 46 276 144
1521.jpg 900 675 29 128 764 452 314 272 870 609
1522.jpg 500 400 36 10 463 387
1523.jpg 500 333 12 141 231 286 134 29 272 234 254 155 488 299
1524.jpg 500 333 38 58 471 305
1526.jpg 387 500 83 350 108 383 36 76 73 186 250 57 294 85 290 167 333 198 183 388 193 409
1527.jpg 500 400 97 123 410 278
1528.jpg 500 375 1 32 479 367
1529.jpg 500 375 96 13 499 373
1531.jpg 500 375 88 157 401 360
1532.jpg 500 375 159 144 400 350
1533.jpg 375 500 72 121 375 487
1534.jpg 500 375 258 108 442 298
1536.jpg 500 333 317 132 453 197
1537.jpg 500 419 149 26 499 372
1538.jpg 333 500 182 176 200 198
1539.jpg 500 424 162 18 499 421
1541.jpg 350 376 14 11 335 252
1542.jpg 500 333 54 142 354 288 203 52 444 215
1543.jpg 320 209 126 8 162 114
1544.jpg 500 375 181 136 289 279
1546.jpg 500 333 85 9 432 333
1547.jpg 313 500 101 278 149 382
1548.jpg 500 333 39 220 112 246 190 222 266 254 389 217 463 246
1549.jpg 500 333 306 123 360 151
1551.jpg 334 500 192 224 247 249 136 180 167 221
1552.jpg 333 500 94 131 123 166
1553.jpg 500 334 96 53 159 136
1554.jpg 334 500 127 287 162 325
1556.jpg 500 332 92 73 449 314
1557.jpg 500 332 63 40 490 321
1558.jpg 500 400 32 169 403 391
1559.jpg 500 375 29 97 438 349
1561.jpg 500 375 9 68 488 284
1562.jpg 375 500 40 250 373 360
1563.jpg 500 375 30 102 475 293
1564.jpg 500 375 18 71 489 274
1566.jpg 500 351 238 134 348 243
1567.jpg 500 281 33 26 449 271
1568.jpg 500 281 162 21 285 235
1569.jpg 500 334 12 50 407 331
1571.jpg 400 282 91 50 331 211
1572.jpg 500 340 13 26 482 296
1573.jpg 500 262 29 57 315 262 241 120 412 261
1574.jpg 500 390 16 66 255 361 253 16 481 367
1576.jpg 500 375 8 119 488 287
1577.jpg 320 302 111 21 294 254
1578.jpg 455 500 164 276 268 346
1579.jpg 500 429 1 1 323 339
1581.jpg 333 500 10 53 295 208
1582.jpg 500 333 11 118 465 282 150 1 342 70 375 7 499 80
1583.jpg 333 500 8 66 302 238
1584.jpg 500 333 268 88 337 136
1586.jpg 500 375 1 72 500 303
1587.jpg 500 386 339 111 368 128
1588.jpg 500 271 1 18 494 260
1589.jpg 500 364 36 51 454 247
1591.jpg 500 375 151 53 317 268 245 126 409 347
1592.jpg 500 333 397 108 486 203
1593.jpg 500 357 30 87 491 318
1594.jpg 500 334 129 62 325 185 251 65 393 192
1596.jpg 500 357 130 67 374 218 133 134 375 287
1597.jpg 500 334 187 26 217 48
1598.jpg 500 375 1 98 499 375 1 1 500 209
1599.jpg 267 500 6 60 182 275
1601.jpg 500 499 3 17 488 219
1602.jpg 375 500 53 48 231 456
1603.jpg 500 347 28 34 461 326
1604.jpg 500 313 21 35 466 304
1606.jpg 450 306 64 36 389 282
1607.jpg 500 356 30 226 176 320 7 153 179 255 102 89 214 136 184 138 347 239 238 238 346 324 317 205 459 306 322 103 450 195 181 33 303 129 30 7 213 139 265 7 438 99
1608.jpg 500 375 168 15 314 98 119 115 229 196 267 117 381 198 33 213 142 294 346 227 453 313
1609.jpg 500 375 1 1 461 375
1611.jpg 333 500 10 283 290 429
1612.jpg 500 334 23 31 420 210
1613.jpg 500 375 26 88 490 323
1614.jpg 500 263 153 106 175 124
1616.jpg 500 375 50 70 373 348
1617.jpg 500 333 235 146 258 166
1618.jpg 333 500 209 232 220 247
1619.jpg 500 333 308 133 340 165
1621.jpg 575 431 20 23 536 414
1622.jpg 500 375 293 100 355 146
1623.jpg 500 256 13 9 468 247
1624.jpg 500 375 167 140 495 336
1626.jpg 450 338 76 50 383 261
1627.jpg 500 255 207 115 254 159
1628.jpg 460 345 26 93 445 264
1629.jpg 500 375 146 122 374 307
1631.jpg 500 281 18 16 476 243
1632.jpg 500 281 25 16 473 245
1633.jpg 500 398 70 157 315 382 141 27 400 197
1634.jpg 479 367 92 54 374 259
1636.jpg 500 333 99 11 485 331
1637.jpg 500 262 9 18 484 230
1638.jpg 500 375 57 11 475 301
1639.jpg 500 375 16 27 474 343
1641.jpg 500 400 16 110 198 375
1642.jpg 500 375 49 40 473 328
1643.jpg 500 375 96 69 446 332
1644.jpg 500 375 16 16 478 278
1646.jpg 500 375 79 75 436 327
1647.jpg 500 375 69 45 468 324
1648.jpg 500 375 36 82 470 370
1649.jpg 500 327 58 46 439 230
1651.jpg 500 375 4 48 483 366
1652.jpg 500 375 78 46 478 301
1653.jpg 500 375 24 35 456 215
1654.jpg 500 333 35 20 453 313
1656.jpg 200 151 6 5 200 148
1657.jpg 400 300 44 10 344 276
1658.jpg 500 456 86 143 476 425
1659.jpg 450 500 251 74 332 193
1661.jpg 564 423 27 44 519 319
1662.jpg 500 375 137 52 472 275
1663.jpg 500 375 249 149 287 185
1664.jpg 500 292 91 18 174 201
1666.jpg 500 399 24 188 129 221
1667.jpg 415 500 3 57 206 406
1668.jpg 500 375 115 172 369 348
1669.jpg 500 375 11 19 345 348
1671.jpg 500 375 1 42 496 375
1672.jpg 450 261 50 61 185 115
1673.jpg 400 282 51 47 336 237
1674.jpg 500 334 1 1 498 333
1676.jpg 500 326 204 1 497 324
1677.jpg 491 248 4 2 481 244
1678.jpg 375 500 128 64 325 404
1679.jpg 491 500 150 1 489 449
1681.jpg 375 500 240 220 265 243 231 128 278 146
1682.jpg 500 375 94 67 140 82
1683.jpg 500 375 356 225 498 374
1684.jpg 480 360 327 149 347 164
1686.jpg 500 375 290 167 323 199
1687.jpg 540 414 69 13 497 376 43 1 213 210
1688.jpg 500 329 134 81 291 161
1689.jpg 500 375 331 147 355 173
1691.jpg 500 375 211 158 261 211
1692.jpg 500 375 127 149 292 235
1693.jpg 500 320 32 36 461 288
1694.jpg 500 333 31 78 500 309
1696.jpg 500 375 20 89 284 260
1697.jpg 500 333 47 12 464 264
1698.jpg 500 375 3 50 494 330
1699.jpg 333 500 134 328 197 431
1701.jpg 500 375 80 86 482 374
1702.jpg 450 300 38 22 409 285
1703.jpg 500 369 6 1 492 363
1704.jpg 402 500 127 174 155 194
1706.jpg 500 332 40 160 136 235
1707.jpg 500 332 234 137 257 190
1708.jpg 500 332 208 157 236 222
1709.jpg 500 332 265 94 274 115
1711.jpg 500 375 82 15 470 355
1712.jpg 500 375 16 25 500 349
1713.jpg 342 500 194 175 294 259
1714.jpg 500 333 341 77 397 103
1716.jpg 500 375 76 1 369 204
1717.jpg 480 360 1 5 465 274
1718.jpg 360 277 10 6 347 267
1719.jpg 500 375 17 38 494 344
1721.jpg 450 300 27 25 199 185
1722.jpg 500 375 42 64 451 327
1723.jpg 768 1024 42 110 705 994
1724.jpg 358 500 19 61 74 198
1726.jpg 500 333 76 22 419 303 54 202 425 290
1727.jpg 500 172 5 6 239 167 262 7 493 164
1728.jpg 500 375 313 122 383 157
1729.jpg 500 333 1 115 390 327
1731.jpg 500 333 26 45 450 274
1732.jpg 400 272 45 78 165 130
1733.jpg 400 600 89 84 304 198 15 319 374 590
1734.jpg 500 375 1 86 209 227 322 88 497 223
1736.jpg 500 264 30 24 480 237
1737.jpg 500 375 35 26 485 235
1738.jpg 500 375 54 63 462 312
1739.jpg 500 376 32 47 474 323
1741.jpg 500 376 28 54 450 331
1742.jpg 500 376 20 59 454 347
1743.jpg 500 376 16 35 461 345
1744.jpg 450 300 82 17 317 190
1746.jpg 378 500 8 32 372 475
1747.jpg 500 478 16 20 489 457
1748.jpg 500 323 7 29 476 296
1749.jpg 413 423 100 90 375 393
1751.jpg 600 443 61 114 309 262
1752.jpg 600 450 162 59 520 312
1753.jpg 500 375 76 80 390 375
1754.jpg 450 326 9 2 449 325
1756.jpg 401 317 51 72 345 301
1757.jpg 400 343 25 39 399 278 5 7 382 249
1758.jpg 170 127 2 47 162 119
1759.jpg 400 300 2 16 105 157 192 43 317 129 243 77 396 227
1761.jpg 376 472 127 264 355 453
1762.jpg 508 256 13 14 496 243
1763.jpg 1000 632 19 32 1000 612
1764.jpg 500 391 63 78 457 297
1766.jpg 400 287 19 17 378 268
1767.jpg 500 389 32 10 459 344
1768.jpg 359 251 28 44 336 244
1769.jpg 400 268 2 2 400 229
1771.jpg 300 403 4 24 280 360
1772.jpg 331 281 28 21 299 273
1773.jpg 461 332 14 20 424 293
1774.jpg 463 323 18 17 433 291
1776.jpg 559 455 6 13 481 445
1777.jpg 1920 1200 408 233 1836 1075
1778.jpg 1920 1200 640 50 1257 1141
1779.jpg 1920 1200 645 150 1919 1196
1781.jpg 240 160 19 45 223 100
1782.jpg 240 160 24 37 218 111
1783.jpg 470 600 26 146 456 467
1784.jpg 1920 1080 1008 64 1102 243 1355 726 1472 953
1786.jpg 160 89 6 31 159 61
1787.jpg 2560 1600 698 142 2551 1015 63 255 1766 1535
1788.jpg 325 426 92 220 193 301
1789.jpg 610 394 82 90 386 234
1791.jpg 220 135 97 19 160 49
1792.jpg 1400 1050 80 121 1315 1001
1793.jpg 1440 900 408 45 1240 883
1794.jpg 1024 576 130 64 866 477
1796.jpg 1280 853 106 123 1097 688
1797.jpg 1280 853 134 99 1127 851
1798.jpg 1280 853 45 65 1232 791
1799.jpg 1280 853 64 103 1235 752
1801.jpg 900 599 268 97 557 447 134 107 465 592
1802.jpg 640 446 160 95 186 131
1803.jpg 1300 956 401 169 495 278
1804.jpg 1300 956 513 191 571 250
1806.jpg 346 540 165 129 280 361
1807.jpg 800 430 339 159 405 248
1808.jpg 615 409 391 166 584 325
1809.jpg 640 500 399 191 469 253
1811.jpg 866 1390 457 565 791 1226
1812.jpg 640 361 8 16 629 338
1813.jpg 482 659 113 257 223 364
1814.jpg 290 174 112 77 140 94 166 30 190 46
1816.jpg 567 794 23 174 223 471 260 356 552 666
1817.jpg 640 444 172 200 288 389
1818.jpg 512 364 144 233 183 285
1819.jpg 309 203 74 60 255 174
1821.jpg 1024 1024 1 207 851 818
1822.jpg 1024 1024 4 135 939 519
1823.jpg 1024 1024 1 216 845 577
1824.jpg 600 337 217 124 420 336
1826.jpg 396 263 126 106 158 134
1827.jpg 396 286 132 84 219 131
1828.jpg 750 563 38 32 703 466
1829.jpg 300 214 6 32 299 170
1831.jpg 259 194 27 23 92 48
1832.jpg 310 282 100 114 121 135
1833.jpg 640 480 226 6 508 472
1834.jpg 895 449 544 274 652 356 402 339 446 446
1836.jpg 450 291 47 15 400 275
1837.jpg 610 915 151 183 207 232 401 186 433 235 80 506 125 557 391 515 422 593 76 838 111 904
1838.jpg 1500 897 40 44 1457 877
1839.jpg 400 500 152 40 384 420
1841.jpg 2272 1704 1 362 2266 1704
1842.jpg 380 380 116 8 260 352
1843.jpg 550 384 49 72 467 323
1844.jpg 481 333 16 11 465 315
1846.jpg 475 356 69 47 304 268
1847.jpg 481 354 46 129 61 151 29 231 46 258
1848.jpg 300 269 27 95 76 172
1849.jpg 600 375 247 102 526 334
1851.jpg 700 467 229 163 304 313
1852.jpg 648 369 45 1 171 250
1853.jpg 1280 720 690 465 909 636
1854.jpg 600 420 166 148 242 260
1856.jpg 1300 1048 587 308 725 400
1857.jpg 1079 685 208 330 317 507
1858.jpg 906 706 332 188 401 289
1859.jpg 2592 1944 1144 874 1300 1254
1861.jpg 1300 1134 230 618 685 996
1862.jpg 1300 706 549 215 830 409
1863.jpg 320 180 38 16 273 159
1864.jpg 1169 794 24 72 1133 778
1866.jpg 517 264 274 157 359 202
1867.jpg 640 446 1 1 640 425
1868.jpg 450 333 191 120 247 199
1869.jpg 426 282 37 99 158 200
1871.jpg 640 480 397 218 451 259
1872.jpg 800 533 535 183 705 296
1873.jpg 450 381 24 47 398 309
1874.jpg 500 412 44 33 344 202
1876.jpg 800 530 1 135 284 427
1877.jpg 800 492 503 221 713 356
1878.jpg 800 600 572 191 727 293
1879.jpg 500 400 20 42 411 212
1881.jpg 1250 938 285 34 1097 701
1882.jpg 2212 3318 777 985 903 1374
1883.jpg 480 274 1 1 480 274
1884.jpg 500 340 176 72 440 192
1886.jpg 800 430 346 65 456 394
1887.jpg 390 285 68 40 173 219
1888.jpg 800 430 347 179 448 385
1889.jpg 347 540 187 62 235 127
1891.jpg 300 250 130 97 203 161
1892.jpg 470 152 24 62 249 126
1893.jpg 720 480 153 205 492 375
1894.jpg 2000 1333 354 225 1766 1225
1896.jpg 1300 1065 268 221 1200 711
1897.jpg 650 455 33 10 600 422
1898.jpg 1500 1125 859 260 1366 665
1899.jpg 640 499 182 175 246 244
1901.jpg 900 600 663 171 854 254
1902.jpg 1300 1330 208 736 885 1150
1903.jpg 1300 1330 526 687 1202 1073
1904.jpg 1300 1330 522 693 1189 1091
1906.jpg 1300 1330 146 252 842 650
1907.jpg 866 1390 161 631 559 1056
1908.jpg 843 1390 380 905 554 1048
1909.jpg 220 165 50 1 171 158
1911.jpg 300 225 150 23 161 41
1912.jpg 267 300 36 150 125 204
1913.jpg 225 300 52 162 75 206
1914.jpg 788 1000 76 87 758 696
1916.jpg 450 338 37 14 449 203 115 204 217 285
1917.jpg 635 474 238 1 554 474
1918.jpg 3000 2208 605 631 1936 1390 1781 1145 2881 1931 1467 324 2853 1252
1919.jpg 1000 751 1 194 998 750
1921.jpg 351 258 4 7 339 250
1922.jpg 1000 650 35 104 940 584
1923.jpg 400 545 53 102 102 131
1924.jpg 815 516 3 3 813 512
1926.jpg 640 424 35 1 640 360
1927.jpg 780 456 237 8 519 208
1928.jpg 550 310 61 33 269 164
1929.jpg 1038 1600 1 87 1034 1497
1931.jpg 1500 1100 762 311 1234 863
1932.jpg 1004 1600 747 309 905 378
1933.jpg 450 320 288 78 419 224
1934.jpg 1500 1100 154 343 650 955
1936.jpg 1500 1600 785 317 1329 958
1937.jpg 1500 1165 218 150 775 527
1938.jpg 450 412 165 196 290 287
1939.jpg 1500 1312 557 464 937 1108
1941.jpg 1500 1180 466 193 1177 943
1942.jpg 1500 1017 350 66 1400 777
1943.jpg 1012 1600 199 100 838 1160
1944.jpg 1500 1100 250 115 1135 690
1946.jpg 1500 1098 552 310 632 409
1947.jpg 450 406 274 36 338 121
1948.jpg 1500 1176 613 345 813 745
1949.jpg 1500 1100 662 113 824 210
1951.jpg 300 470 96 322 132 365
1952.jpg 1001 1600 560 102 623 263
1953.jpg 1500 1100 382 355 662 491
1954.jpg 450 320 176 70 230 152
1956.jpg 1500 1554 403 972 548 1246
1957.jpg 1001 1600 172 736 416 870
1958.jpg 1119 1600 446 236 721 695
1959.jpg 1500 1187 190 204 1138 788
1961.jpg 167 150 65 118 112 146
1962.jpg 680 381 283 168 315 189
1963.jpg 341 243 43 106 177 206
1964.jpg 620 465 1 1 479 395
1966.jpg 1300 956 133 327 543 651
1967.jpg 1280 720 436 300 536 426
1968.jpg 420 316 63 78 326 224
1969.jpg 2048 1152 265 140 1743 946
1971.jpg 615 403 315 163 388 226
1972.jpg 450 278 136 11 422 156 136 110 433 238
1973.jpg 450 221 5 6 443 213
1974.jpg 450 300 11 2 446 260
1976.jpg 478 336 110 105 186 155 29 68 80 116
1977.jpg 200 200 1 98 28 153
1978.jpg 1300 953 456 2 1220 554
1979.jpg 640 445 86 140 639 423
1981.jpg 1300 953 1 1 1049 866
1982.jpg 640 445 1 10 640 426
1983.jpg 640 1273 69 3 576 1265
1984.jpg 680 450 73 103 496 359
1986.jpg 900 675 1 56 898 671
1987.jpg 900 675 95 39 775 643
1988.jpg 900 675 3 126 900 673
1989.jpg 620 412 302 95 607 316
1991.jpg 251 188 82 85 96 109 139 85 151 111
1992.jpg 720 576 141 78 230 345
1993.jpg 625 424 250 176 325 302
1994.jpg 800 532 272 186 678 340
1996.jpg 837 418 75 39 730 417
1997.jpg 640 444 102 58 348 324
1998.jpg 640 444 394 234 547 301
1999.jpg 858 1280 386 449 490 553
2001.jpg 1060 455 327 215 742 455
2002.jpg 450 319 45 98 135 119
2003.jpg 320 252 39 56 273 210
2004.jpg 620 350 263 191 321 220 394 64 431 97
2006.jpg 800 619 25 15 764 511
2007.jpg 800 483 9 36 799 452
2008.jpg 600 343 14 127 197 275
2009.jpg 660 491 272 181 658 361
2011.jpg 768 576 45 98 687 494
2012.jpg 1024 576 171 45 817 564
2013.jpg 978 259 262 14 682 223
2014.jpg 2032 1048 1439 234 1953 656
2016.jpg 1280 1920 226 660 603 1451
2017.jpg 558 165 1 2 226 165 334 8 534 147
2018.jpg 350 350 185 80 346 317
2019.jpg 299 470 119 330 175 396
2021.jpg 1920 1200 136 375 555 698
2022.jpg 940 705 515 171 628 221
2023.jpg 1129 1390 471 646 599 716
2024.jpg 850 473 182 81 755 422
2026.jpg 645 349 27 214 199 339
2027.jpg 661 496 408 219 442 248 337 170 354 194
2028.jpg 661 496 197 162 235 187
2029.jpg 661 496 321 151 342 181 453 144 466 157
2031.jpg 661 496 85 157 135 206
2032.jpg 661 496 221 307 260 383
2033.jpg 300 315 76 6 162 238
2034.jpg 425 323 25 121 88 153 47 91 98 120 72 77 116 114
2036.jpg 1300 1066 581 258 1297 978
2037.jpg 1300 1066 570 110 1157 979
2038.jpg 450 355 3 1 449 354
2039.jpg 150 91 5 9 144 81
2041.jpg 615 410 268 93 439 230
2042.jpg 1300 954 440 258 876 549
2043.jpg 1100 815 13 13 1081 659
2044.jpg 346 540 153 113 270 246
2046.jpg 1650 1100 240 310 1590 1100
2047.jpg 600 271 25 9 565 194
2048.jpg 835 900 546 366 655 458 479 755 641 800 549 774 735 834 625 800 814 858
2049.jpg 482 407 27 18 462 388
2051.jpg 750 573 15 3 739 562
2052.jpg 443 341 4 11 439 334
2053.jpg 624 352 74 129 211 218
2054.jpg 632 250 370 44 550 211
2056.jpg 640 448 259 175 512 354
2057.jpg 555 640 385 354 451 449
2058.jpg 300 377 70 146 196 369
2059.jpg 418 246 78 16 386 201
2061.jpg 640 456 161 124 530 362
2062.jpg 1000 719 44 79 757 627
2063.jpg 640 360 140 143 202 197 322 150 362 189
2064.jpg 615 345 417 145 543 255
2066.jpg 863 1392 347 70 434 227
2067.jpg 863 1392 481 287 694 549
2068.jpg 1024 650 359 129 635 281
2069.jpg 640 480 137 44 605 243
2071.jpg 450 320 275 74 414 187
2072.jpg 640 480 191 180 249 270
2073.jpg 800 977 249 231 396 618
2074.jpg 690 388 90 68 583 304
2076.jpg 500 337 41 22 445 296
2077.jpg 500 400 20 42 415 212
2078.jpg 400 720 137 78 157 112
2079.jpg 3000 2290 1030 270 2612 1148
2081.jpg 640 444 172 118 280 266
2082.jpg 640 444 206 72 277 183
2083.jpg 640 444 34 68 150 164
2084.jpg 600 420 321 13 413 129
2086.jpg 600 420 59 136 139 253
2087.jpg 600 420 88 120 184 190
2088.jpg 841 1390 332 609 800 858
2089.jpg 1000 639 413 73 623 282
2091.jpg 640 480 83 101 589 469
2092.jpg 640 444 365 77 566 280
2093.jpg 344 540 19 169 127 368
2094.jpg 640 444 73 124 329 325
2096.jpg 2000 1333 998 254 1901 870
2097.jpg 2000 1333 98 223 1017 999
2098.jpg 2000 1333 1045 288 1990 1131
2099.jpg 2000 1333 313 127 1801 1332
2101.jpg 700 460 8 8 686 443
2102.jpg 866 1390 178 431 436 775
2103.jpg 346 540 102 242 203 394
2104.jpg 1300 956 881 266 1249 666
2106.jpg 400 300 2 4 394 294
2107.jpg 400 300 3 2 397 297
2108.jpg 1680 1121 96 52 1496 1043
2109.jpg 160 120 28 29 130 91
2111.jpg 320 205 5 9 316 189
2112.jpg 160 120 12 22 149 95
2113.jpg 160 120 4 4 158 114
2114.jpg 5879 4279 962 1439 2256 2019
2116.jpg 852 480 96 77 594 378
2117.jpg 852 480 517 62 831 231
2118.jpg 357 220 48 52 100 83
2119.jpg 650 400 1 3 608 267
2121.jpg 400 300 199 113 223 129
2122.jpg 377 319 8 106 78 193
2123.jpg 500 347 191 82 477 304
2124.jpg 900 598 82 171 216 276
2126.jpg 634 633 292 285 553 492
2127.jpg 634 634 159 412 264 508
2128.jpg 634 634 118 239 183 356 288 274 329 395 258 276 293 384
2129.jpg 634 620 301 132 375 209
2131.jpg 300 157 163 120 195 154
2132.jpg 600 376 292 118 438 203
2133.jpg 1500 1021 375 380 525 473
2134.jpg 800 482 60 74 720 389
2136.jpg 468 377 212 209 298 274
2137.jpg 450 260 2 44 444 247
2138.jpg 650 400 329 24 645 161
2139.jpg 211 300 8 57 202 279
2141.jpg 677 409 10 15 665 270
2142.jpg 650 400 1 147 649 284
2143.jpg 661 496 484 137 632 244
2144.jpg 1024 718 400 243 788 403
2146.jpg 480 229 8 21 454 209
2147.jpg 656 490 178 204 332 273 123 302 275 370 354 236 467 293 446 166 575 216 475 75 616 127 552 119 647 147
2148.jpg 1024 781 461 78 567 150
2149.jpg 731 1024 64 108 192 215
2151.jpg 480 360 139 105 195 134
2152.jpg 650 550 4 237 469 549 117 1 645 221
2153.jpg 600 450 32 101 100 154
2154.jpg 1851 2190 87 21 1823 1251
2156.jpg 354 200 57 31 307 200
2157.jpg 852 480 164 119 533 325
2158.jpg 634 816 163 300 270 493 371 314 506 562
2159.jpg 634 422 155 125 613 378
2161.jpg 3456 2304 2388 1012 2838 1452
2162.jpg 620 412 54 36 586 360
2163.jpg 2000 1331 1272 843 1494 1259
2164.jpg 252 182 26 17 232 154
2166.jpg 160 120 3 1 157 108
2167.jpg 160 120 3 9 154 107
2168.jpg 160 120 3 2 154 116
2169.jpg 160 120 2 4 157 115
2171.jpg 160 120 2 1 157 119
2172.jpg 160 120 2 1 157 113
2173.jpg 160 120 3 4 155 118
2174.jpg 160 120 5 2 154 116
2176.jpg 160 120 3 5 156 113
2177.jpg 160 120 3 1 157 115
2178.jpg 160 120 2 1 156 115
2179.jpg 160 120 1 2 154 116
2181.jpg 160 120 3 2 157 108
2182.jpg 160 120 4 1 155 107
2183.jpg 160 120 5 14 152 107
2184.jpg 160 120 22 2 157 95
2186.jpg 160 120 5 3 156 115
2187.jpg 160 120 2 1 159 108
2188.jpg 160 120 4 1 154 114
2189.jpg 160 120 1 1 156 114
2191.jpg 160 120 3 1 157 117
2192.jpg 160 120 2 1 156 116
2193.jpg 160 120 7 1 152 118
2194.jpg 160 120 2 2 157 117
2196.jpg 160 120 3 3 154 115
2197.jpg 160 120 3 1 152 111
2198.jpg 160 120 2 1 155 110
2199.jpg 160 120 1 1 157 118
2201.jpg 160 120 2 1 157 108
2202.jpg 160 120 4 3 158 114
2203.jpg 160 120 4 6 154 110
2204.jpg 160 120 14 11 151 109
2206.jpg 160 120 2 1 157 112
2207.jpg 160 120 3 3 158 106
2208.jpg 160 120 2 1 157 116
2209.jpg 160 120 3 5 156 116
2211.jpg 160 120 2 3 156 112
2212.jpg 160 120 2 1 158 115
2213.jpg 160 120 4 4 156 117
2214.jpg 160 120 2 1 157 117
2216.jpg 160 120 2 2 159 111
2217.jpg 160 120 4 3 158 112
2218.jpg 160 120 1 2 157 119
2219.jpg 160 120 1 2 157 116
2221.jpg 160 120 3 3 157 117
2222.jpg 160 120 6 1 158 117
2223.jpg 160 120 2 1 158 116
2224.jpg 160 120 3 1 159 116
2226.jpg 160 120 9 13 155 112
2227.jpg 160 120 10 19 148 115
2228.jpg 160 120 4 1 159 118
2229.jpg 160 120 4 4 157 116
2231.jpg 160 120 2 4 157 114
2232.jpg 160 120 5 6 155 116
2233.jpg 160 120 4 3 157 112
2234.jpg 160 120 4 3 156 115
2236.jpg 160 120 1 12 155 106
2237.jpg 160 120 3 3 156 118
2238.jpg 160 120 2 3 157 115
2239.jpg 160 120 2 1 157 112
2241.jpg 160 120 4 2 156 113
2242.jpg 160 120 4 8 157 111
2243.jpg 160 120 4 1 158 105
2244.jpg 160 120 1 3 158 104
2246.jpg 160 120 1 2 158 112
2247.jpg 160 120 3 1 155 116
2248.jpg 160 120 2 1 157 111
2249.jpg 160 120 4 1 157 120
2251.jpg 160 120 7 1 157 113
2252.jpg 160 120 2 3 155 112
2253.jpg 160 120 2 3 154 116
2254.jpg 160 120 2 2 156 118
2256.jpg 160 120 1 3 157 117
2257.jpg 160 120 1 1 157 113
2258.jpg 160 120 4 1 157 116
2259.jpg 160 120 1 3 158 112
2261.jpg 160 120 4 3 157 114
2262.jpg 160 120 3 2 158 117
2263.jpg 160 120 5 7 157 115
2264.jpg 160 120 3 7 157 112
2266.jpg 160 120 7 5 157 115
2267.jpg 160 120 2 2 157 120
2268.jpg 160 120 2 2 157 119
2269.jpg 160 120 4 4 158 115
2271.jpg 160 120 4 1 158 116
2272.jpg 160 120 2 1 157 117
2273.jpg 160 120 5 1 158 118
2274.jpg 160 120 1 1 158 120
2276.jpg 160 120 5 1 155 115
2277.jpg 160 120 1 4 157 118
2278.jpg 160 120 6 3 157 116
2279.jpg 160 120 5 1 155 117
2281.jpg 160 120 1 1 157 112
2282.jpg 160 120 1 3 157 116
2283.jpg 160 120 3 1 157 118
2284.jpg 160 120 4 2 155 118
2286.jpg 160 120 2 4 158 115
2287.jpg 160 120 3 4 157 116
2288.jpg 160 120 2 3 156 115
2289.jpg 160 120 1 1 157 117
2291.jpg 160 120 7 3 155 115
2292.jpg 160 120 5 4 152 113
2293.jpg 160 120 7 2 157 116
2294.jpg 160 120 2 1 157 119
2296.jpg 160 120 4 1 157 118
2297.jpg 160 120 6 1 154 115
2298.jpg 160 120 4 5 152 113
2299.jpg 160 120 2 28 149 106
2301.jpg 160 120 1 18 157 104
2302.jpg 160 120 3 7 155 112
2303.jpg 160 120 3 3 155 116
2304.jpg 160 120 8 1 154 108
2306.jpg 160 120 2 3 159 118
2307.jpg 160 120 4 1 153 119
2308.jpg 160 120 7 1 154 119
2309.jpg 160 120 5 2 157 116
2311.jpg 160 120 3 3 158 118
2312.jpg 160 120 7 1 156 119
2313.jpg 160 120 2 6 155 118
2314.jpg 160 120 2 6 154 112
2316.jpg 160 120 3 3 155 116
2317.jpg 160 120 1 4 157 118
2318.jpg 160 120 2 2 155 120
2319.jpg 160 120 5 4 155 116
2321.jpg 160 120 4 1 157 117
2322.jpg 160 120 3 1 156 118
2323.jpg 160 120 11 9 142 115
2324.jpg 160 120 2 3 153 114
2326.jpg 160 120 3 4 154 114
2327.jpg 160 120 4 1 155 116
2328.jpg 160 120 5 1 157 116
2329.jpg 160 120 3 2 157 116
2331.jpg 160 120 1 1 157 116
2332.jpg 160 120 4 1 151 116
2333.jpg 160 120 2 2 156 119
2334.jpg 160 120 1 1 157 119
2336.jpg 160 120 3 1 157 116
2337.jpg 160 120 1 1 158 119
2338.jpg 160 120 5 3 155 113
2339.jpg 160 120 3 1 155 116
2341.jpg 160 120 8 7 152 109
2342.jpg 160 120 2 1 157 118
2343.jpg 160 120 1 1 157 119
2344.jpg 160 120 5 3 153 112
2346.jpg 160 120 2 2 158 114
2347.jpg 160 120 2 1 155 117
2348.jpg 160 120 5 7 157 115
2349.jpg 160 120 13 10 149 113
2351.jpg 160 120 4 2 155 110
2352.jpg 160 120 8 20 154 107
2353.jpg 160 120 2 3 157 116
2354.jpg 160 120 8 1 154 115
2356.jpg 160 120 11 29 150 120
2357.jpg 160 120 5 3 155 103
2358.jpg 160 120 2 9 154 103
2359.jpg 160 120 2 1 156 119
2361.jpg 160 120 10 1 157 113
2362.jpg 160 120 2 1 157 117
2363.jpg 160 120 11 35 143 107
2364.jpg 160 120 17 18 141 107
2366.jpg 160 120 5 3 155 72
2367.jpg 160 120 1 3 158 115
2368.jpg 160 120 5 1 159 115
2369.jpg 160 120 3 2 157 115
2371.jpg 160 120 4 5 154 106
2372.jpg 160 120 8 5 154 103
2373.jpg 160 120 4 5 158 116
2374.jpg 160 120 24 27 155 113
2376.jpg 160 120 7 3 155 97
2377.jpg 160 120 2 1 156 103
2378.jpg 160 120 2 1 155 113
2379.jpg 160 120 2 1 159 115
2381.jpg 160 120 3 3 154 118
2382.jpg 160 120 8 3 149 110
2383.jpg 160 120 5 1 154 119
2384.jpg 160 120 3 1 159 116
2386.jpg 160 120 4 1 157 113
2387.jpg 160 120 3 1 155 116
2388.jpg 160 120 4 1 155 113
2389.jpg 160 120 1 2 155 118
2391.jpg 160 120 7 18 150 112
2392.jpg 160 120 5 21 155 111
2393.jpg 160 120 3 3 156 115
2394.jpg 160 120 7 1 155 119
2396.jpg 160 120 4 2 155 118
2397.jpg 160 120 3 3 154 113
2398.jpg 160 120 1 1 154 116
2399.jpg 160 120 1 1 157 117
2401.jpg 160 120 10 9 155 112
2402.jpg 160 120 6 5 158 115
2403.jpg 160 120 23 19 152 101
2404.jpg 160 120 1 4 156 115
2406.jpg 160 120 11 4 151 112
2407.jpg 160 120 3 1 158 119
2408.jpg 160 120 3 2 158 114
2409.jpg 160 120 2 1 157 120
2411.jpg 160 120 1 2 158 114
2412.jpg 160 120 4 5 151 116
2413.jpg 160 120 3 3 157 119
2414.jpg 160 120 4 3 158 112
2416.jpg 160 120 13 4 143 79
2417.jpg 160 120 2 2 157 115
2418.jpg 160 120 2 1 153 118
2419.jpg 160 120 8 4 152 111
2421.jpg 160 120 17 4 145 112
2422.jpg 160 120 2 3 156 116
2423.jpg 160 120 5 1 154 118
2424.jpg 160 120 5 2 157 118
2426.jpg 160 120 4 3 156 116
2427.jpg 160 120 33 4 130 114
2428.jpg 160 120 5 7 151 107
2429.jpg 160 120 2 1 157 119
2431.jpg 160 120 2 1 158 116
2432.jpg 160 120 1 1 158 117
2433.jpg 160 120 3 1 158 117
2434.jpg 160 120 8 7 154 116
2436.jpg 160 120 4 4 155 113
2437.jpg 160 120 4 1 154 117
2438.jpg 160 120 7 1 152 112
2439.jpg 160 120 11 9 143 102
2441.jpg 160 120 2 1 157 115
2442.jpg 160 120 1 1 155 115
2443.jpg 160 120 4 1 78 115 80 3 152 115
2444.jpg 160 120 1 8 159 78
2446.jpg 160 120 3 3 158 116
2447.jpg 160 120 2 3 158 116
2448.jpg 160 120 2 5 156 113
2449.jpg 160 120 1 8 155 115
2451.jpg 160 120 1 3 157 116
2452.jpg 160 120 8 5 155 116
2453.jpg 160 120 3 2 157 117
2454.jpg 160 120 12 3 157 114
2456.jpg 160 120 8 8 142 113
2457.jpg 160 120 1 3 159 116
2458.jpg 160 120 2 1 157 115
2459.jpg 160 120 1 1 159 110
2461.jpg 160 120 10 12 148 110
2462.jpg 160 120 2 3 156 116
2463.jpg 160 120 1 1 155 118
2464.jpg 160 120 3 3 157 116
2466.jpg 160 120 33 29 144 101
2467.jpg 160 120 1 1 157 119
2468.jpg 160 120 23 1 155 95
2469.jpg 160 120 4 3 154 113
2471.jpg 160 120 11 3 150 109
2472.jpg 160 120 7 9 157 113
2473.jpg 160 120 2 1 155 117
2474.jpg 160 120 5 6 152 112
2476.jpg 160 120 1 1 157 119
2477.jpg 160 120 5 4 151 111
2478.jpg 160 120 5 3 156 112
2479.jpg 160 120 2 1 156 118
2481.jpg 160 120 3 3 157 116
2482.jpg 160 120 14 1 143 115
2483.jpg 160 120 3 3 156 117
2484.jpg 160 120 2 1 158 115
2486.jpg 160 120 1 1 157 113
2487.jpg 160 120 2 3 157 116
2488.jpg 160 120 4 3 157 115
2489.jpg 160 120 1 1 157 116
2491.jpg 160 120 3 1 158 117
2492.jpg 160 120 2 1 157 118
2493.jpg 160 120 4 4 154 116
2494.jpg 160 120 4 6 157 113
2496.jpg 160 120 2 3 158 114
2497.jpg 160 120 2 1 157 117
2498.jpg 160 120 3 3 157 112
2499.jpg 160 120 2 1 155 117
2501.jpg 160 120 1 2 156 115
2502.jpg 160 120 1 3 157 115
2503.jpg 160 120 3 1 155 118
2504.jpg 160 120 3 2 156 115
2506.jpg 160 120 4 1 155 112
2507.jpg 160 120 2 3 158 113
2508.jpg 160 120 6 3 157 113
2509.jpg 160 120 1 1 159 117
2511.jpg 160 120 1 1 155 113
2512.jpg 160 120 6 1 157 113
2513.jpg 160 120 4 1 158 116
2514.jpg 160 120 4 1 158 115
2516.jpg 160 120 2 1 157 117
2517.jpg 160 120 1 1 155 116
2518.jpg 160 120 2 7 158 112
2519.jpg 160 120 2 1 155 117
2521.jpg 160 120 2 1 156 115
2522.jpg 160 120 5 1 155 118
2523.jpg 160 120 1 4 155 115
2524.jpg 160 120 7 1 148 110
2526.jpg 160 120 1 1 158 115
2527.jpg 160 120 1 1 158 115
2528.jpg 160 120 5 6 157 112
2529.jpg 160 120 2 12 157 105
2531.jpg 160 120 9 12 148 109
2532.jpg 160 120 2 1 158 113
2533.jpg 160 120 14 19 76 108 93 21 143 109
2534.jpg 160 120 1 5 158 114
2536.jpg 160 120 3 3 157 113
2537.jpg 160 120 2 1 155 110
2538.jpg 160 120 5 1 157 118
2539.jpg 160 120 1 1 157 116
2541.jpg 160 120 7 3 158 114
2542.jpg 160 120 2 3 158 115
2543.jpg 160 120 7 2 155 115
2544.jpg 160 120 3 2 156 116
2546.jpg 160 120 3 2 152 116
2547.jpg 160 120 1 1 158 113
2548.jpg 160 120 4 4 155 114
2549.jpg 160 120 10 3 158 115
2551.jpg 160 120 3 1 158 113
2552.jpg 160 120 6 1 157 113
2553.jpg 160 120 2 4 154 116
2554.jpg 160 120 5 3 156 119
2556.jpg 160 120 4 1 158 119
2557.jpg 160 120 4 1 157 117
2558.jpg 160 120 4 2 156 118
2559.jpg 160 120 1 3 157 117
2561.jpg 160 120 2 3 156 120
2562.jpg 160 120 4 2 151 118
2563.jpg 160 120 7 1 155 118
2564.jpg 160 120 2 3 155 118
2566.jpg 160 120 4 3 157 116
2567.jpg 160 120 2 2 158 116
2568.jpg 160 120 2 5 151 119
2569.jpg 160 120 4 3 155 115
2571.jpg 160 120 4 1 155 117
2572.jpg 160 120 5 1 154 119
2573.jpg 160 120 4 4 157 114
2574.jpg 160 120 6 1 155 119
2576.jpg 160 120 2 1 158 114
2577.jpg 160 120 5 1 155 116
2578.jpg 160 120 3 3 158 118
2579.jpg 160 120 7 1 153 112
2581.jpg 160 120 2 5 157 116
2582.jpg 160 120 4 3 151 119
2583.jpg 160 120 1 1 156 115
2584.jpg 160 120 2 1 156 118
2586.jpg 160 120 4 1 158 118
2587.jpg 160 120 1 1 158 119
2588.jpg 160 120 8 1 153 117
2589.jpg 160 120 21 3 139 108
2591.jpg 160 120 1 5 158 114
2592.jpg 160 120 2 1 155 113
2593.jpg 160 120 8 1 154 118
2594.jpg 160 120 4 1 156 119
2596.jpg 160 120 2 6 155 116
2597.jpg 160 120 3 1 156 118
2598.jpg 160 120 2 12 157 107
2599.jpg 160 120 2 13 157 88
2601.jpg 160 120 1 1 156 116
2602.jpg 160 120 1 1 157 118
2603.jpg 160 120 1 2 158 116
2604.jpg 160 120 4 2 154 118
2606.jpg 160 120 4 2 156 116
2607.jpg 160 120 3 2 154 116
2608.jpg 160 120 1 1 157 107
2609.jpg 160 120 6 3 148 110
2611.jpg 160 120 1 2 152 113
2612.jpg 160 120 10 4 156 113
2613.jpg 160 120 3 1 155 116
2614.jpg 160 120 4 3 156 113
2616.jpg 160 120 1 3 156 115
2617.jpg 160 120 6 4 155 115
2618.jpg 160 120 4 1 156 115
2619.jpg 160 120 1 2 158 116
2621.jpg 160 120 3 1 156 118
2622.jpg 160 120 8 4 157 117
2623.jpg 160 120 1 1 156 114
2624.jpg 160 120 7 1 151 113
2626.jpg 160 120 4 2 154 116
2627.jpg 160 120 1 1 155 115
2628.jpg 160 120 5 6 146 114
2629.jpg 160 120 4 3 157 118
2631.jpg 160 120 5 1 158 115
2632.jpg 160 120 3 5 142 112
2633.jpg 160 120 8 5 155 115
2634.jpg 160 120 16 6 156 116
2636.jpg 160 120 2 1 149 77
2637.jpg 160 120 2 2 156 117
2638.jpg 160 120 3 1 155 118
2639.jpg 160 120 2 1 157 118
2641.jpg 160 120 2 1 155 119
2642.jpg 160 120 1 1 154 115
2643.jpg 160 120 1 1 158 119
2644.jpg 160 120 4 2 157 118
2646.jpg 160 120 7 13 152 94
2647.jpg 160 120 3 3 153 112
2648.jpg 160 120 5 1 155 118
2649.jpg 160 120 3 1 156 119
2651.jpg 160 120 2 3 158 116
2652.jpg 160 120 2 4 157 119
2653.jpg 160 120 2 5 155 115
2654.jpg 160 120 11 7 155 113
2656.jpg 160 120 2 3 158 118
2657.jpg 160 120 5 3 155 116
2658.jpg 160 120 4 3 157 116
2659.jpg 160 120 2 1 157 119
2661.jpg 160 120 1 3 158 119
2662.jpg 160 120 2 2 157 117
2663.jpg 160 120 1 1 154 118
2664.jpg 160 120 3 3 157 116
2666.jpg 160 120 4 3 157 117
2667.jpg 160 120 4 1 157 117
2668.jpg 160 120 4 2 154 119
2669.jpg 160 120 1 2 158 115
2671.jpg 160 120 1 3 158 115
2672.jpg 160 120 2 1 157 120
2673.jpg 160 120 3 1 158 115
2674.jpg 160 120 4 4 156 120
2676.jpg 160 120 2 1 156 119
2677.jpg 160 120 1 3 157 115
2678.jpg 160 120 1 1 156 116
2679.jpg 160 120 1 1 157 119
2681.jpg 160 120 2 3 156 114
2682.jpg 160 120 1 2 157 118
2683.jpg 160 120 1 1 157 118
2684.jpg 160 120 2 1 155 116
2686.jpg 160 120 4 6 152 114
2687.jpg 160 120 2 3 153 113
2688.jpg 160 120 4 4 154 113
2689.jpg 160 120 1 1 154 115
2691.jpg 160 120 2 1 155 116
2692.jpg 160 120 3 1 157 117
2693.jpg 160 120 1 2 158 116
2694.jpg 160 120 6 12 153 103
2696.jpg 160 120 1 1 157 119
2697.jpg 160 120 2 1 158 118
2698.jpg 160 120 1 1 155 117
2699.jpg 160 120 7 7 154 113
2701.jpg 160 120 3 1 157 117
2702.jpg 160 120 4 2 155 116
2703.jpg 160 120 1 3 155 118
2704.jpg 160 120 3 1 160 117
2706.jpg 160 120 1 3 157 114
2707.jpg 160 120 2 2 157 116
2708.jpg 160 120 1 1 157 115
2709.jpg 160 120 2 2 155 115
2711.jpg 160 120 3 3 157 116
2712.jpg 160 120 1 3 157 115
2713.jpg 160 120 2 2 155 115
2714.jpg 160 120 1 1 155 115
2716.jpg 160 120 5 4 152 110
2717.jpg 160 120 2 2 155 118
2718.jpg 160 120 2 1 158 115
2719.jpg 160 120 2 1 157 116
2721.jpg 160 120 2 1 157 115
2722.jpg 160 120 10 3 154 115
2723.jpg 160 120 1 1 156 118
2724.jpg 160 120 4 2 155 113
2726.jpg 160 120 1 2 158 114
2727.jpg 160 120 2 3 157 115
2728.jpg 160 120 3 1 158 116
2729.jpg 160 120 4 1 157 116
2731.jpg 160 120 4 3 157 106
2732.jpg 160 120 4 5 155 119
2733.jpg 160 120 4 3 157 115
2734.jpg 160 120 7 14 156 114
2736.jpg 160 120 4 3 154 114
2737.jpg 160 120 2 17 158 119
2738.jpg 160 120 3 23 158 118
2739.jpg 160 120 4 3 156 119
2741.jpg 160 120 8 7 156 111
2742.jpg 160 120 4 4 156 115
2743.jpg 160 120 8 11 151 111
2744.jpg 160 120 1 3 155 116
2746.jpg 160 120 3 1 156 116
2747.jpg 160 120 2 3 156 117
2748.jpg 160 120 3 4 152 115
2749.jpg 160 120 2 3 157 115
2751.jpg 160 120 4 1 155 112
2752.jpg 160 120 15 9 141 109
2753.jpg 160 120 2 1 156 114
2754.jpg 160 120 9 37 149 103
2756.jpg 160 120 1 1 152 115
2757.jpg 160 120 2 1 157 117
2758.jpg 160 120 2 3 159 117
2759.jpg 160 120 5 3 159 119
2761.jpg 160 120 1 1 158 118
2762.jpg 160 120 3 2 158 116
2763.jpg 160 120 2 1 152 114
2764.jpg 160 120 3 1 155 118
2766.jpg 160 120 2 2 157 115
2767.jpg 160 120 4 3 154 117
2768.jpg 160 120 3 1 156 117
2769.jpg 160 120 6 1 156 114
2771.jpg 160 120 2 3 157 117
2772.jpg 160 120 3 3 155 115
2773.jpg 160 120 4 5 157 116
2774.jpg 160 120 2 3 157 118
2776.jpg 160 120 2 1 155 115
2777.jpg 160 120 1 1 157 117
2778.jpg 160 120 5 2 152 115
2779.jpg 590 300 105 11 480 295
2781.jpg 634 350 196 154 282 226
2782.jpg 267 400 40 60 95 144
2783.jpg 299 400 8 281 62 362
2784.jpg 400 258 5 8 390 252
2786.jpg 495 464 141 144 189 244
2787.jpg 440 505 14 22 427 494
2788.jpg 500 334 169 275 275 333
2789.jpg 299 450 36 212 102 350
2791.jpg 600 251 267 113 367 251
2792.jpg 600 480 148 247 251 370
2793.jpg 600 251 194 178 251 228 221 201 278 244 160 153 217 197
2794.jpg 600 423 201 51 389 421
2796.jpg 601 331 6 71 163 207
2797.jpg 601 255 178 1 365 226
2798.jpg 700 572 469 124 625 366
2799.jpg 640 347 228 98 497 274
2801.jpg 366 450 26 75 82 116
2802.jpg 299 450 99 185 228 409
2803.jpg 300 450 35 61 108 142
2804.jpg 450 299 112 28 403 194
2806.jpg 450 321 137 46 442 266
2807.jpg 300 450 76 161 224 354
2808.jpg 300 450 51 28 229 428
2809.jpg 961 606 160 286 574 604
2811.jpg 728 546 204 43 429 357
2812.jpg 728 546 151 71 218 127 420 357 490 410 493 82 540 132
2813.jpg 728 546 237 327 407 504
2814.jpg 320 241 5 16 304 233
2816.jpg 600 366 26 20 578 343
2817.jpg 920 536 768 362 806 421
2818.jpg 284 178 7 6 278 160
2819.jpg 896 920 113 375 756 625
2821.jpg 960 540 560 153 631 300
2822.jpg 1024 682 525 508 963 681 202 339 425 512 460 281 633 477 667 316 848 462 867 350 990 496 1 362 137 518 29 181 190 327 302 181 387 312 463 16 594 127 310 62 390 119
2823.jpg 400 267 12 11 376 250
2824.jpg 478 324 178 77 456 236
2826.jpg 630 355 74 48 583 328
2827.jpg 800 556 24 19 743 281
2828.jpg 661 496 144 216 393 457 261 39 542 222 301 190 630 418
2829.jpg 1055 1390 515 243 560 320
2831.jpg 1200 800 553 302 833 511
2832.jpg 504 311 7 1 502 179
2833.jpg 958 1114 258 253 669 887
2834.jpg 958 805 129 261 681 574
2836.jpg 1200 600 426 27 785 495
2837.jpg 634 567 242 315 374 468
2838.jpg 634 420 437 223 477 245
2839.jpg 800 480 142 49 750 465
2841.jpg 592 265 77 9 510 188
2842.jpg 620 320 124 171 250 253
2843.jpg 1920 1080 1369 295 1691 703
2844.jpg 660 505 9 17 649 501
2846.jpg 969 606 586 307 700 498
2847.jpg 590 421 19 68 572 383
2848.jpg 590 420 16 161 268 311 421 138 589 396 30 51 328 126 1 20 267 79
2849.jpg 590 421 103 140 376 397
2851.jpg 577 812 223 365 272 425
2852.jpg 808 606 290 101 787 386 44 213 490 489
2853.jpg 400 267 123 17 248 232
2854.jpg 940 627 211 47 921 604
2856.jpg 599 361 30 2 566 361
2857.jpg 1300 841 417 193 1167 728
2858.jpg 250 195 148 17 189 73
2859.jpg 1280 720 128 5 1051 486
2861.jpg 699 311 163 230 216 311 1 196 40 277
2862.jpg 650 366 379 164 418 223
2863.jpg 450 300 75 55 369 232
2864.jpg 999 729 289 212 462 339
2866.jpg 400 600 21 155 155 405
2867.jpg 450 470 312 140 444 251
2868.jpg 400 400 288 121 396 223
2869.jpg 634 435 191 140 325 232
2871.jpg 156 235 72 106 95 155
2872.jpg 400 245 11 15 372 217
2873.jpg 400 270 23 17 373 253
2874.jpg 168 235 129 163 164 202
2876.jpg 400 282 20 76 169 264 241 76 394 273
2877.jpg 340 227 1 16 337 168
2878.jpg 1300 870 202 217 762 682
2879.jpg 870 1300 300 368 756 855
2881.jpg 1300 1033 807 59 982 339
2882.jpg 1300 1300 367 212 517 457
2883.jpg 400 400 37 21 165 206
2884.jpg 866 1300 138 141 504 795
2886.jpg 119 168 78 63 102 101
2887.jpg 866 1300 428 355 511 511
2888.jpg 450 450 17 127 246 277
2889.jpg 1300 911 177 293 912 753
2891.jpg 450 299 353 98 441 238
2892.jpg 450 301 17 94 67 113 382 75 439 99
2893.jpg 450 301 117 99 203 139 301 265 331 301
2894.jpg 450 366 62 111 170 278
2896.jpg 112 168 14 85 51 149
2897.jpg 640 420 394 84 611 274
2898.jpg 870 1300 190 265 336 331 443 661 620 885
2899.jpg 1300 863 177 124 602 824
2901.jpg 863 1300 6 315 186 655
2902.jpg 168 112 23 5 52 70
2903.jpg 168 112 33 33 60 72
2904.jpg 1024 538 458 67 1010 499
2906.jpg 640 360 335 169 389 210
2907.jpg 112 168 68 69 94 149
2908.jpg 156 235 29 73 91 159
2909.jpg 1300 866 457 325 677 515
2911.jpg 112 168 18 8 83 100
2912.jpg 632 420 75 169 370 313
2913.jpg 1300 865 437 75 867 585
2914.jpg 450 300 160 6 368 193
2916.jpg 865 1300 350 578 470 865
2917.jpg 450 303 186 86 232 117
2918.jpg 876 1300 116 568 309 698
2919.jpg 168 118 37 36 76 62 97 38 125 59
2921.jpg 1300 866 67 395 357 650
2922.jpg 640 360 140 261 177 312 206 261 248 325
2923.jpg 113 168 41 27 100 83
2924.jpg 531 333 260 138 293 183
2926.jpg 119 168 21 123 37 161
2927.jpg 111 168 18 29 41 85
2928.jpg 1300 866 822 155 967 350
2929.jpg 749 1024 21 170 690 790
2931.jpg 113 168 28 100 60 159
2932.jpg 1280 720 242 12 1207 717
2933.jpg 1300 1031 407 103 1062 958
2934.jpg 450 447 170 312 277 419
2936.jpg 450 420 146 83 220 190 329 43 406 153
2937.jpg 113 168 72 41 110 122
2938.jpg 1300 816 5 185 1107 816
2939.jpg 1026 1300 331 416 543 552
2941.jpg 643 360 59 27 549 288
2942.jpg 553 422 213 92 269 152
2943.jpg 3207 1493 234 115 3097 1452
2944.jpg 1083 832 31 9 1018 809
2946.jpg 640 380 184 52 201 86 501 32 530 88
2947.jpg 640 380 221 69 274 96 470 64 489 93
2948.jpg 640 457 177 280 377 449 62 27 370 271
2949.jpg 660 283 78 15 648 257
2951.jpg 224 224 7 72 144 170
2952.jpg 225 225 77 24 213 171
2953.jpg 225 225 21 53 206 185
2954.jpg 1000 744 9 1 986 739
2956.jpg 824 589 41 17 585 577
2957.jpg 771 505 25 24 734 477
2958.jpg 400 360 90 148 271 250
2959.jpg 535 411 21 20 517 394
2961.jpg 931 695 35 10 824 613
2962.jpg 1425 725 837 181 1193 459
2963.jpg 685 1024 201 463 385 618
2964.jpg 569 373 9 268 124 365
2966.jpg 396 395 53 220 329 390
2967.jpg 302 167 4 1 259 167
2968.jpg 246 205 114 31 142 56
2969.jpg 225 225 6 53 147 150
2971.jpg 958 415 40 5 940 390
2972.jpg 1918 816 701 265 1024 634
2973.jpg 1530 958 26 11 1497 946
2974.jpg 640 480 291 331 355 443
2976.jpg 725 725 36 152 661 566
2977.jpg 760 448 34 13 734 410
2978.jpg 507 339 17 14 479 318
2979.jpg 2000 1300 73 7 1957 1161
2981.jpg 732 424 34 18 703 385
2982.jpg 500 375 179 120 316 252
2983.jpg 461 357 17 33 445 339
2984.jpg 1165 518 39 34 1143 493
2986.jpg 343 203 21 28 327 187
2987.jpg 406 245 16 126 65 166
2988.jpg 815 756 30 426 268 645
2989.jpg 512 512 60 6 474 500
2991.jpg 333 500 96 402 168 496
2992.jpg 450 300 263 78 317 133
2993.jpg 1197 795 114 113 273 345 887 236 1046 440
2994.jpg 1366 768 280 76 585 712
2996.jpg 2900 1050 100 119 2811 975
2997.jpg 986 555 152 1 848 529
2998.jpg 971 501 472 207 828 467
2999.jpg 700 407 1 15 683 399
